CLIENTNUM,D,E,F,C,G,B,A
713208033,1,0,1,1,1,0,1
714726858,1,0,1,1,0,0,1
789191358,1,0,1,1,1,0,1
779601783,1,0,1,1,0,0,1
711786108,1,0,1,1,1,0,1
718699683,1,0,1,1,1,0,1
709864833,1,0,0,1,0,0,1
712189233,1,0,0,1,1,0,0
788769783,1,0,0,1,0,0,1
710947683,1,0,1,1,0,0,1
720580383,1,0,1,1,0,0,1
778486008,1,0,1,1,1,0,0
789670533,1,0,1,1,0,0,1
708260208,1,0,0,1,1,0,1
719337408,1,0,0,1,1,0,0
814840833,1,0,1,1,1,0,1
826709658,1,0,0,1,1,0,1
711342483,1,0,1,1,1,0,1
709040508,1,0,1,1,1,0,0
716855058,1,0,0,1,1,0,1
807030858,1,0,0,1,1,0,1
713730933,1,0,1,1,1,0,1
796330983,1,0,1,1,1,0,1
718602708,1,0,1,1,1,0,1
714680208,1,0,1,1,1,0,1
717720108,1,0,1,1,1,0,1
709932558,1,0,1,1,1,0,1
708499608,1,0,0,1,1,0,1
798558783,1,0,1,1,1,0,1
756624183,1,0,1,1,1,0,1
711870333,1,0,1,1,1,0,1
708801108,1,0,0,1,1,0,1
709140858,1,0,1,1,1,0,1
715318008,1,0,1,1,0,0,1
718006608,1,0,0,1,1,0,0
708614058,1,0,1,1,0,0,1
720698883,1,0,0,1,1,0,1
712184133,1,0,0,1,1,0,1
708894183,1,0,1,1,1,0,0
716328558,1,0,0,1,1,0,0
710929233,1,0,1,1,0,0,1
709077933,1,0,0,1,1,0,1
717565233,1,0,1,1,0,0,0
811721133,1,0,0,1,1,0,1
718561458,1,0,0,1,0,0,1
720891633,1,0,1,1,1,0,1
718197108,1,0,0,1,0,0,1
719342808,1,0,1,1,0,0,1
711320508,1,0,0,1,1,0,1
708849858,1,0,1,1,1,0,1
715964058,1,0,1,1,1,0,1
717346833,1,0,1,1,1,0,1
808273533,1,0,1,1,1,0,0
710445183,1,0,0,1,0,0,1
803339583,1,0,1,1,0,0,0
720706008,1,0,1,1,0,0,1
719653308,1,0,1,1,0,0,1
789244308,1,0,0,1,0,0,1
708307533,1,0,1,1,1,0,1
717457008,1,0,1,1,0,0,1
714528258,1,0,1,1,1,0,1
712281183,1,0,0,1,1,0,1
718200333,1,0,1,1,1,0,1
718460958,1,0,0,1,1,0,1
780496833,1,0,0,1,0,0,1
720766908,1,0,0,1,0,0,1
771429408,1,0,1,1,1,0,1
719381733,1,0,0,1,1,0,1
771037008,1,0,0,1,1,0,1
709967358,1,0,1,1,0,0,0
771099183,1,0,0,1,0,0,1
712076358,1,0,0,1,1,0,1
771190083,1,0,1,1,1,0,1
719025333,1,0,1,1,1,0,1
718478883,1,0,1,1,1,0,1
779643858,1,0,1,1,0,0,0
710016708,1,0,1,1,1,0,1
788755158,1,0,1,1,1,0,1
712021233,1,0,1,1,0,0,1
785038908,1,0,0,1,0,0,0
708770883,1,0,1,1,1,0,0
778286433,1,0,0,1,1,0,1
711927108,1,0,1,1,1,0,1
779016408,1,0,0,1,1,0,1
801366783,1,0,1,1,1,0,1
713075283,1,0,1,1,1,0,1
790000608,1,0,1,1,1,0,1
719574033,1,0,1,1,1,0,0
788095158,1,0,1,1,1,0,1
719838558,1,0,1,1,1,0,0
715543908,1,0,0,1,1,0,1
713800158,1,0,1,1,0,0,1
718958583,1,0,1,1,0,0,1
823606983,1,0,1,1,1,0,0
793625583,1,0,1,1,0,0,1
817029108,1,0,0,1,0,0,0
716747283,1,0,1,1,1,0,1
816608808,1,0,1,1,1,0,1
721315233,1,0,0,1,1,0,1
711516783,1,0,1,1,1,0,1
708665133,1,0,0,1,0,0,1
719054733,1,0,1,1,1,0,1
717783483,1,0,1,1,1,0,0
718286658,1,0,1,1,1,0,1
803132733,1,0,1,1,0,0,1
820651908,1,0,0,1,0,0,1
708224133,1,0,0,1,1,0,1
799471833,1,0,1,1,1,0,1
715435758,1,0,0,1,1,0,1
770724558,1,0,0,1,0,0,1
772698783,1,0,0,1,1,0,0
778679883,1,0,1,1,0,0,1
720474408,1,0,0,1,1,0,1
718777008,1,0,0,1,1,0,1
814785108,1,0,1,1,1,0,1
712840608,1,0,1,1,1,0,1
712802733,1,0,1,1,0,0,1
717047583,1,0,1,1,0,0,1
711065133,1,0,0,1,1,0,1
713274183,1,0,1,1,0,0,1
717093858,1,0,0,1,1,0,1
711717258,1,0,1,1,1,0,0
780079833,1,0,1,1,1,0,0
712146558,1,0,1,1,1,0,1
774012933,1,0,0,1,1,0,0
779252283,1,0,1,1,1,0,1
716483358,1,0,1,1,1,0,1
710866758,1,0,0,1,1,0,1
714998508,1,0,1,1,0,0,1
789008508,1,0,0,1,1,0,0
708813033,1,0,1,1,0,0,1
721276383,1,0,1,1,1,0,1
712556433,1,0,0,1,0,0,0
708455883,1,0,1,1,1,0,1
772207683,1,0,1,1,0,0,0
709052883,1,0,0,1,1,0,1
779420583,1,0,1,1,1,0,1
717127083,1,0,0,1,1,0,1
712448658,1,0,0,1,1,0,1
795823383,1,0,1,1,1,0,1
718920708,1,0,1,1,1,0,1
713671158,1,0,0,1,1,0,0
716620458,1,0,1,1,0,0,1
712649058,1,0,0,1,1,0,1
779873508,1,0,1,1,1,0,1
709061658,1,0,1,1,1,0,1
799475658,1,0,1,1,1,0,1
751469808,1,0,1,1,1,0,1
719926683,1,0,0,1,1,0,1
712055433,1,0,1,1,1,0,0
719513733,1,0,0,1,1,0,1
780338733,1,0,0,1,0,0,1
820394733,1,0,0,1,1,0,1
714745608,1,0,0,1,1,0,0
720272958,1,0,0,1,1,0,1
816089433,1,0,0,1,0,0,1
818701383,1,0,0,1,0,0,1
720124758,1,0,1,1,0,0,0
717855933,1,0,1,1,0,0,1
713889933,1,0,0,1,1,0,1
797638383,1,0,0,1,1,0,1
710895708,1,0,1,1,1,0,1
711984633,1,0,1,1,1,0,1
721243083,1,0,0,1,1,0,1
712319958,1,0,1,1,0,0,1
716239383,1,0,1,1,1,0,1
714620358,1,0,1,1,0,0,1
709407933,1,0,0,1,0,0,1
716882658,1,0,1,1,0,0,1
720237408,1,0,1,1,1,0,0
715347783,1,0,0,1,1,0,1
824795358,1,0,0,1,0,0,1
716484333,1,0,0,1,0,0,1
711033408,1,0,1,1,0,0,1
719577258,1,0,0,1,1,0,1
719127558,1,0,1,1,1,0,1
716955783,1,0,0,1,1,0,1
807596358,1,0,0,1,1,0,1
713766183,1,0,1,1,1,0,1
717387933,1,0,1,1,1,0,1
713929533,1,0,1,1,1,0,1
714443058,1,0,1,1,1,0,1
715205358,1,0,1,1,0,0,1
797228883,1,0,1,1,1,0,0
719234883,1,0,0,1,1,0,1
715411608,1,0,1,1,0,0,1
747885858,1,0,1,1,1,0,1
718819158,1,0,0,1,1,0,1
716866308,1,0,1,1,0,0,1
771783333,1,0,1,1,1,0,1
716977758,1,0,1,1,1,0,1
720807183,1,0,1,1,1,0,1
711333933,1,0,1,1,1,0,1
713987808,1,0,1,1,1,0,0
774099708,1,0,1,1,1,0,1
772695033,1,0,0,1,0,0,0
708211383,1,0,1,1,1,0,1
711252258,1,0,1,1,0,0,1
708382083,1,0,0,1,1,0,1
717017808,1,0,0,1,1,0,1
709110633,1,0,1,1,1,0,1
716614683,1,0,0,1,1,0,1
827062158,1,0,1,1,1,0,1
780998133,1,0,1,1,1,0,0
710335983,1,0,1,1,0,0,1
718982058,1,0,0,1,1,0,1
711600033,1,0,1,1,0,0,0
715381533,1,0,0,1,0,0,0
711390333,1,0,0,1,1,0,0
719109783,1,0,1,1,1,0,1
720292983,1,0,1,1,1,0,1
709314408,1,0,0,1,1,0,1
711777633,1,0,1,1,1,0,1
709585758,1,0,1,1,0,0,1
711410958,1,0,1,1,1,0,1
772111083,1,0,1,1,1,0,1
710405808,1,0,0,1,0,0,0
709056558,1,0,0,1,1,0,1
715019058,1,0,1,1,1,0,1
715497558,1,0,1,1,1,0,1
716574033,1,0,0,1,1,0,1
710744433,1,0,1,1,1,0,1
719452308,1,0,1,1,1,0,1
734909358,1,0,1,1,1,0,1
798022683,1,0,0,1,1,0,1
712617408,1,0,1,1,1,0,1
715952883,1,0,1,1,0,0,1
785515533,1,0,1,1,0,0,0
779722308,1,0,1,1,1,0,1
710458758,1,0,1,1,1,0,1
712833633,1,0,0,1,1,0,0
789209283,1,0,1,1,1,0,1
711985833,1,0,1,1,1,0,1
720252858,1,0,1,1,1,0,1
718181433,1,0,1,1,1,0,1
712257258,1,0,0,1,1,0,1
712606158,1,0,1,1,1,0,1
785218458,1,0,1,1,1,0,1
715241583,1,0,1,1,0,0,1
772687983,1,0,0,1,1,0,1
716966808,1,0,0,1,1,0,1
720735408,1,0,0,1,1,0,0
755262933,1,0,0,1,1,0,1
709269708,1,0,1,1,1,0,0
790145733,1,0,1,1,0,0,1
709444983,1,0,0,1,0,0,1
708340758,1,0,1,1,1,0,1
708360108,1,0,1,1,1,0,1
717073308,1,0,1,1,1,0,0
714785508,1,0,1,1,1,0,0
719632683,1,0,1,1,0,0,1
715572783,1,0,1,1,1,0,0
795997908,1,0,1,1,0,0,1
714472608,1,0,1,1,1,0,1
822898758,1,0,0,1,1,0,1
716974383,1,0,1,1,1,0,1
709855608,1,0,1,1,1,0,1
710135058,1,0,0,1,0,0,1
718784358,1,0,1,1,1,0,1
779912283,1,0,1,1,0,0,1
711219333,1,0,1,1,1,0,1
778170633,1,0,1,1,1,0,1
769425858,1,0,1,1,1,0,1
708207783,1,0,1,1,1,0,1
720667383,1,0,1,1,1,0,1
711583458,1,0,1,1,0,0,1
753795633,1,0,0,1,0,0,1
789871233,1,0,1,1,1,0,1
719165508,1,0,0,1,1,0,1
716860233,1,0,1,1,0,0,1
713613258,1,0,1,1,1,0,1
779791908,1,0,1,1,1,0,1
715061733,1,0,0,1,1,0,1
719724933,1,0,1,1,1,0,0
711877458,1,0,0,1,1,0,1
718123608,1,0,1,1,0,0,0
718037433,1,0,1,1,1,0,0
719704308,1,0,1,1,1,0,1
709518858,1,0,0,1,1,0,1
789053883,1,0,0,1,1,0,1
713305233,1,0,0,1,1,0,0
798041508,1,0,1,1,1,0,1
712503408,1,0,0,1,1,0,0
827712108,1,0,1,1,0,0,1
711706458,1,0,0,1,1,0,0
779293308,1,0,1,1,0,0,0
711445233,1,0,0,1,0,0,1
717495258,1,0,1,1,1,0,1
712258308,1,0,0,1,0,0,1
779040408,1,0,1,1,1,0,1
794675058,1,0,1,1,1,0,1
806947308,1,0,1,1,1,0,1
718415133,1,0,1,1,1,0,1
779837808,1,0,0,1,1,0,0
711748983,1,0,0,1,1,0,1
714831033,1,0,1,1,0,0,1
778372158,1,0,1,1,1,0,1
715533108,1,0,0,1,1,0,1
798553158,1,0,0,1,0,0,1
712814658,1,0,0,1,1,0,1
768420558,1,0,1,1,0,0,1
793336383,1,0,1,1,1,0,0
720188508,1,0,1,1,0,0,1
779900808,1,0,1,1,1,0,0
715328658,1,0,0,1,0,0,1
712688433,1,0,1,1,1,0,1
713209308,1,0,1,1,0,0,0
769396158,1,0,1,1,1,0,1
718837683,1,0,0,1,1,0,1
711391308,1,0,1,1,1,0,0
778247358,1,0,0,1,1,0,1
713171358,1,0,1,1,1,0,1
713605908,1,0,1,1,1,0,1
709501683,1,0,0,1,1,0,1
720437358,1,0,0,1,0,0,1
793889508,1,0,0,1,1,0,1
713425383,1,0,1,1,1,0,1
714192933,1,0,1,1,0,0,1
708876183,1,0,1,1,1,0,1
781926633,1,0,1,1,0,0,1
792300858,1,0,1,1,0,0,1
827948133,1,0,1,1,1,0,1
713971608,1,0,0,1,1,0,1
716580033,1,0,0,1,1,0,1
720877083,1,0,1,1,1,0,1
718473558,1,0,1,1,1,0,1
718892283,1,0,1,1,1,0,1
744764433,1,0,1,1,0,0,1
827888433,1,0,0,1,1,0,1
808287408,1,0,0,1,1,0,0
716780283,1,0,1,1,1,0,1
718626033,1,0,0,1,1,0,1
718096608,1,0,0,1,0,0,0
708996708,1,0,1,1,1,0,0
715401633,1,0,0,1,0,0,1
715973583,1,0,1,1,1,0,1
712283808,1,0,0,1,0,0,1
710940183,1,0,0,1,1,0,1
709566408,1,0,1,1,1,0,1
781675983,1,0,0,1,1,0,0
719770158,1,0,1,1,1,0,0
714742758,1,0,1,1,0,0,1
709736658,1,0,0,1,1,0,1
771492408,1,0,1,1,1,0,1
787501758,1,0,0,1,1,0,1
792098883,1,0,0,1,0,0,1
818497758,1,0,1,1,1,0,1
715759458,1,0,1,1,1,0,1
721513833,1,0,1,1,0,0,1
717664008,1,0,1,1,1,0,1
814833408,1,0,1,1,1,0,1
710376708,1,0,0,1,1,0,1
708347583,1,0,1,1,1,0,1
766224933,1,0,1,1,1,0,0
708580908,1,0,0,1,1,0,1
771561183,1,0,1,1,1,0,1
712821333,1,0,1,1,1,0,1
770575233,1,0,0,1,1,0,1
798687258,1,0,1,1,1,0,1
769578858,1,0,0,1,0,0,1
710535708,1,0,1,1,0,0,0
710078358,1,0,1,1,1,0,1
719916408,1,0,0,1,1,0,1
710159658,1,0,1,1,0,0,1
739317558,1,0,1,1,1,0,1
717403158,1,0,1,1,0,0,0
711948333,1,0,1,1,0,0,1
710669733,1,0,1,1,1,0,1
719855958,1,0,1,1,1,0,1
715054683,1,0,1,1,0,0,1
717483558,1,0,0,1,1,0,1
772629333,1,0,0,1,1,0,0
708225483,1,0,0,1,1,0,1
714767508,1,0,1,1,0,0,0
715910883,1,0,0,1,1,0,0
714208533,1,0,0,1,0,0,1
713061558,1,0,1,1,0,0,1
710838108,1,0,0,1,1,0,0
714346608,1,0,1,1,1,0,1
713655108,1,0,1,1,1,0,0
804840033,1,0,1,1,1,0,0
711977508,1,0,1,1,1,0,1
785080308,1,0,0,1,1,0,0
708219108,1,0,1,1,0,0,1
714557583,1,0,0,1,0,0,0
755273658,1,0,1,1,1,0,1
815324433,1,0,1,1,1,0,1
773108958,1,0,1,1,1,0,1
711549408,1,0,1,1,0,0,1
772086408,1,0,1,1,0,0,1
716088783,1,0,1,1,1,0,0
710404533,1,0,1,1,1,0,1
721522533,1,0,1,1,1,0,1
719022558,1,0,1,1,1,0,1
779498058,1,0,1,1,1,0,1
718352358,1,0,1,1,1,0,1
772532208,1,0,1,1,0,0,1
716399583,1,0,1,1,1,0,1
712181658,1,0,1,1,1,0,1
708931908,1,0,1,1,0,0,1
709368483,1,0,1,1,1,0,1
720868683,1,0,1,1,1,0,1
717721458,1,0,1,1,1,0,0
711861258,1,0,1,1,1,0,1
710916408,1,0,0,1,0,0,1
714245358,1,0,1,1,0,0,1
820920408,1,0,1,1,1,0,1
711598533,1,0,0,1,1,0,1
721227258,1,0,1,1,0,0,0
713666058,1,0,1,1,1,0,1
712762758,1,0,1,1,1,0,1
773018583,1,0,0,1,1,0,1
788770908,1,0,1,1,0,0,1
714851058,1,0,1,1,1,0,1
720236433,1,0,1,1,0,0,1
715731033,1,0,1,1,1,0,1
720150858,1,0,1,1,1,0,1
711822933,1,0,0,1,1,0,0
716559108,1,0,1,1,1,0,1
798451908,1,0,1,1,1,0,0
815315058,1,0,0,1,0,0,1
708153558,1,0,0,1,0,0,0
714451833,1,0,0,1,1,0,1
813182658,1,0,1,1,1,0,1
710439483,1,0,1,1,1,0,0
715447008,1,0,1,1,1,0,1
720377433,1,0,1,1,1,0,1
719169783,1,0,1,1,0,0,1
708549033,1,0,1,1,1,0,1
714573258,1,0,1,1,0,0,1
718612758,1,0,0,1,0,0,0
770977833,1,0,1,1,0,0,0
716334258,1,0,1,1,0,0,1
815845758,1,0,1,1,0,0,1
819700533,1,0,1,1,1,0,1
772571508,1,0,1,1,1,0,1
773667708,1,0,1,1,1,0,0
771752508,1,0,0,1,0,0,1
715600533,1,0,1,1,0,0,0
714987633,1,0,0,1,0,0,1
780638958,1,0,1,1,1,0,1
716138958,1,0,1,1,1,0,0
716931183,1,0,0,1,0,0,0
785285883,1,0,0,1,1,0,1
709422183,1,0,1,1,1,0,1
717030633,1,0,1,1,0,0,1
709713033,1,0,0,1,0,0,1
779954658,1,0,1,1,1,0,1
772303458,1,0,1,1,1,0,1
711542358,1,0,1,1,1,0,1
710971908,1,0,0,1,1,0,1
720570333,1,0,1,1,1,0,1
709632483,1,0,1,1,1,0,1
711551958,1,0,0,1,1,0,1
715847058,1,0,1,1,1,0,1
714893733,1,0,0,1,1,0,0
708721533,1,0,1,1,1,0,0
736893108,1,0,1,1,1,0,1
720299283,1,0,0,1,0,0,1
717400533,1,0,1,1,1,0,0
717084708,1,0,1,1,1,0,0
813153108,1,0,0,1,1,0,0
720180633,1,0,1,1,0,0,1
795795408,1,0,1,1,0,0,1
718362783,1,0,1,1,0,0,1
708687483,1,0,1,1,1,0,1
717052158,1,0,0,1,1,0,1
797488158,1,0,1,1,1,0,1
709897983,1,0,1,1,1,0,1
712390683,1,0,1,1,1,0,0
779658408,1,0,1,1,1,0,1
717105258,1,0,1,1,0,0,1
720769533,1,0,1,1,1,0,1
713084208,1,0,1,1,0,0,1
713865333,1,0,0,1,1,0,0
720064158,1,0,0,1,1,0,1
712533708,1,0,1,1,1,0,1
827904183,1,0,0,1,1,0,1
710912733,1,0,0,1,0,0,1
712576908,1,0,1,1,1,0,1
719688408,1,0,0,1,1,0,1
815539233,1,0,1,1,0,0,1
712305333,1,0,1,1,1,0,1
717287883,1,0,1,1,0,0,1
718246458,1,0,0,1,0,0,0
827691858,1,0,1,1,0,0,1
718504233,1,0,1,1,1,0,1
767653233,1,0,1,1,1,0,1
719582058,1,0,0,1,1,0,1
716666133,1,0,1,1,0,0,0
710570058,1,0,1,1,0,0,1
714821433,1,0,1,1,1,0,1
715719033,1,0,0,1,0,0,1
784907658,1,0,0,1,0,0,0
809978733,1,0,1,1,1,0,1
713330133,1,0,1,1,0,0,0
717774333,1,0,1,1,0,0,1
772776033,1,0,1,1,1,0,0
827695683,1,0,0,1,1,0,1
712166583,1,0,1,1,1,0,1
789289383,1,0,1,1,1,0,0
714373308,1,0,1,1,0,0,0
807986133,1,0,1,1,1,0,1
719338383,1,0,1,1,1,0,1
712263258,1,0,1,1,1,0,1
713184858,1,0,1,1,1,0,1
712885533,1,0,0,1,1,0,1
721028283,1,0,0,1,1,0,1
717822108,1,0,1,1,1,0,1
710524533,1,0,1,1,0,0,1
719924433,1,0,1,1,0,0,0
717623583,1,0,1,1,0,0,0
759947433,1,0,0,1,0,0,1
710153583,1,0,0,1,1,0,1
712187808,1,0,1,1,1,0,1
779521533,1,0,0,1,1,0,0
713730108,1,0,1,1,1,0,1
717411483,1,0,0,1,0,0,1
713586858,1,0,1,1,0,0,1
718325883,1,0,0,1,1,0,1
718477983,1,0,1,1,1,0,1
719206308,1,0,1,1,1,0,1
788418933,1,0,1,1,1,0,1
721045608,1,0,1,1,0,0,1
711638658,1,0,1,1,1,0,1
716059608,1,0,1,1,1,0,1
711816108,1,0,1,1,1,0,1
718812708,1,0,1,1,1,0,1
778399008,1,0,1,1,0,0,0
708593883,1,0,1,1,0,0,1
711851583,1,0,1,1,1,0,1
717727308,1,0,0,1,1,0,1
806165208,1,0,1,1,1,0,1
757256358,1,0,0,1,1,0,0
719703483,1,0,0,1,1,0,1
709423158,1,0,1,1,0,0,1
718816158,1,0,1,1,1,0,1
720610008,1,0,1,1,0,0,0
720026058,1,0,1,1,1,0,1
787438983,1,0,1,1,1,0,1
718451133,1,0,0,1,1,0,0
719431608,1,0,1,1,1,0,1
708807483,1,0,1,1,1,0,1
712660308,1,0,0,1,0,0,1
713070033,1,0,0,1,1,0,1
714360033,1,0,1,1,0,0,1
712011633,1,0,1,1,1,0,1
771854808,1,0,0,1,0,0,1
719210133,1,0,1,1,0,0,0
799239033,1,0,1,1,0,0,1
778832883,1,0,0,1,1,0,0
780199233,1,0,1,1,1,0,1
770926158,1,0,0,1,1,0,0
814091058,1,0,0,1,1,0,1
712246983,1,0,0,1,0,0,0
712268808,1,0,0,1,1,0,0
716790633,1,0,1,1,1,0,1
720512433,1,0,0,1,0,0,0
719217483,1,0,1,1,1,0,1
824763783,1,0,1,1,0,0,1
710624658,1,0,1,1,1,0,0
721410858,1,0,1,1,1,0,1
714697533,1,0,1,1,1,0,1
714495258,1,0,1,1,1,0,1
774491958,1,0,0,1,1,0,1
709728183,1,0,1,1,1,0,1
798983508,1,0,1,1,1,0,1
714093108,1,0,0,1,0,0,1
708879483,1,0,1,1,1,0,1
779922183,1,0,0,1,1,0,1
713203908,1,0,1,1,1,0,1
768972558,1,0,1,1,1,0,1
716149383,1,0,1,1,0,0,1
708123033,1,0,1,1,0,0,0
720537633,1,0,1,1,1,0,1
712839633,1,0,1,1,1,0,0
713381433,1,0,1,1,1,0,1
720656883,1,0,1,1,1,0,1
719046558,1,0,1,1,0,0,1
708878508,1,0,1,1,0,0,1
708600033,1,0,1,1,1,0,1
771106458,1,0,1,1,0,0,0
710892408,1,0,1,1,1,0,1
716358033,1,0,1,1,0,0,1
718373658,1,0,1,1,1,0,1
811140933,1,0,0,1,0,0,1
717203958,1,0,1,1,1,0,1
710533233,1,0,0,1,1,0,1
708545058,1,0,1,1,1,0,0
714473658,1,0,1,1,0,0,1
710342508,1,0,1,1,1,0,1
756409758,1,0,1,1,0,0,0
712115958,1,0,1,1,1,0,1
792152283,1,0,1,1,0,0,0
785387883,1,0,1,1,1,0,1
721236408,1,0,0,1,0,0,1
767553333,1,0,1,1,1,0,1
716477133,1,0,1,1,1,0,1
719309958,1,0,1,1,1,0,1
787685658,1,0,1,1,1,0,1
711843708,1,0,1,1,0,0,1
710650608,1,0,1,1,1,0,1
770783508,1,0,0,1,0,0,1
819684183,1,0,1,1,1,0,0
720638283,1,0,1,1,1,0,1
719121708,1,0,1,1,1,0,0
714403983,1,0,0,1,1,0,0
797707008,1,0,0,1,0,0,1
719305608,1,0,1,1,1,0,1
780971583,1,0,1,1,1,0,1
708887433,1,0,1,1,1,0,1
713134458,1,0,1,1,1,0,1
718171308,1,0,1,1,1,0,1
721444758,1,0,1,1,1,0,1
789114408,1,0,1,1,0,0,1
711964533,1,0,1,1,1,0,1
712644483,1,0,1,1,1,0,1
789300408,1,0,0,1,1,0,1
709554483,1,0,0,1,1,0,1
716989683,1,0,1,1,1,0,1
710795883,1,0,0,1,1,0,1
717904383,1,0,1,1,1,0,1
788730933,1,0,1,1,1,0,1
819151083,1,0,1,1,0,0,1
716455683,1,0,0,1,1,0,1
712831908,1,0,1,1,1,0,1
738195708,1,0,1,1,1,0,1
712160058,1,0,0,1,1,0,0
809425533,1,0,1,1,1,0,0
711891933,1,0,1,1,1,0,1
803028858,1,0,1,1,1,0,1
716704158,1,0,0,1,1,0,1
720270633,1,0,1,1,1,0,1
752085108,1,0,1,1,1,0,0
772721208,1,0,0,1,1,0,0
827440458,1,0,1,1,0,0,1
710849208,1,0,1,1,1,0,0
710006958,1,0,1,1,1,0,1
718677858,1,0,1,1,1,0,1
716283108,1,0,1,1,1,0,1
713804883,1,0,1,1,0,0,1
710322033,1,0,0,1,1,0,1
717886008,1,0,0,1,1,0,1
714527433,1,0,0,1,0,0,1
790112133,1,0,0,1,0,0,1
734924658,1,0,0,1,0,0,1
710112933,1,0,1,1,1,0,1
721220583,1,0,0,1,1,0,0
819160158,1,0,1,1,1,0,1
719730258,1,0,1,1,0,0,1
719291283,1,0,1,1,0,0,1
720371733,1,0,1,1,1,0,1
788528958,1,0,1,1,1,0,1
710905908,1,0,1,1,1,0,1
712700358,1,0,0,1,0,0,1
709974108,1,0,0,1,1,0,1
709486158,1,0,0,1,1,0,1
720323208,1,0,0,1,0,0,1
715124958,1,0,1,1,0,0,1
760807608,1,0,1,1,0,0,1
803197833,1,0,1,1,1,0,0
710092683,1,0,1,1,0,0,1
772310958,1,0,1,1,1,0,0
708358683,1,0,1,1,1,0,1
719562108,1,0,1,1,1,0,1
715736283,1,0,1,1,1,0,0
720952608,1,0,1,1,1,0,1
801497508,1,0,1,1,1,0,1
720114633,1,0,1,1,1,0,1
789466008,1,0,1,1,1,0,1
813230208,1,0,1,1,1,0,1
712506708,1,0,0,1,1,0,1
708433683,1,0,1,1,1,0,1
712912233,1,0,1,1,1,0,0
714234858,1,0,0,1,1,0,1
720568083,1,0,1,1,0,0,1
717147708,1,0,0,1,1,0,1
788870283,1,0,0,1,1,0,0
717026658,1,0,1,1,1,0,1
779791008,1,0,0,1,0,0,1
712311258,1,0,1,1,1,0,1
827408058,1,0,1,1,1,0,1
718252533,1,0,1,1,1,0,1
719954733,1,0,1,1,1,0,0
710663508,1,0,0,1,1,0,0
793720908,1,0,1,1,1,0,1
817686633,1,0,0,1,1,0,1
720521808,1,0,1,1,0,0,1
714661233,1,0,0,1,0,0,1
709616958,1,0,0,1,1,0,1
769709058,1,0,1,1,1,0,1
714014733,1,0,1,1,0,0,1
719536608,1,0,1,1,0,0,0
788465583,1,0,0,1,1,0,1
720964683,1,0,0,1,1,0,1
822061683,1,0,0,1,1,0,1
717643608,1,0,0,1,1,0,1
721023708,1,0,0,1,0,0,1
712341933,1,0,0,1,1,0,0
708414033,1,0,0,1,1,0,1
716753058,1,0,1,1,1,0,1
708905733,1,0,1,1,1,0,1
710023233,1,0,0,1,1,0,1
719960133,1,0,1,1,1,0,1
711751533,1,0,1,1,1,0,1
714880533,1,0,1,1,1,0,0
711878733,1,0,0,1,0,0,1
719880408,1,0,1,1,0,0,1
708303108,1,0,1,1,1,0,0
715644633,1,0,1,1,0,0,1
820599333,1,0,1,1,1,0,1
811457058,1,0,1,1,0,0,1
713578608,1,0,1,1,1,0,0
815500983,1,0,1,1,0,0,1
787550808,1,0,1,1,1,0,1
714361083,1,0,1,1,1,0,1
711433908,1,0,1,1,1,0,1
711116133,1,0,1,1,1,0,1
757024233,1,0,1,1,0,0,1
721004133,1,0,1,1,1,0,1
787543008,1,0,0,1,1,0,1
712701333,1,0,1,1,0,0,1
709969758,1,0,0,1,0,0,0
718641483,1,0,1,1,1,0,1
785055108,1,0,1,1,1,0,1
735825258,1,0,1,1,0,0,0
771649083,1,0,0,1,1,0,1
709217358,1,0,1,1,1,0,1
780374133,1,0,1,1,0,0,1
710833908,1,0,1,1,0,0,0
717268458,1,0,0,1,1,0,1
709942383,1,0,1,1,1,0,1
709141908,1,0,1,1,0,0,0
712612233,1,0,0,1,1,0,1
711159108,1,0,1,1,1,0,1
807990108,1,0,0,1,0,0,1
789540108,1,0,1,1,1,0,1
718735908,1,0,1,1,0,0,0
761079783,1,0,1,1,0,0,1
778420383,1,0,0,1,1,0,0
712706058,1,0,1,1,1,0,1
709838508,1,0,1,1,1,0,1
714304458,1,0,0,1,0,0,1
780612558,1,0,1,1,1,0,1
708998583,1,0,1,1,1,0,1
711405333,1,0,1,1,1,0,1
808750458,1,0,0,1,1,0,1
716434533,1,0,1,1,1,0,1
721041483,1,0,0,1,1,0,1
713861733,1,0,0,1,1,0,1
712004208,1,0,1,1,1,0,1
716501133,1,0,1,1,1,0,0
788737083,1,0,0,1,1,0,1
770721858,1,0,1,1,1,0,1
716425833,1,0,1,1,1,0,1
719530158,1,0,0,1,1,0,1
717582558,1,0,1,1,1,0,1
716165508,1,0,1,1,1,0,0
815353083,1,0,0,1,1,0,1
789529158,1,0,0,1,1,0,1
713463708,1,0,1,1,1,0,1
721299483,1,0,0,1,1,0,1
769438608,1,0,1,1,1,0,1
751563933,1,0,1,1,1,0,0
801383808,1,0,1,1,1,0,1
714603558,1,0,1,1,1,0,1
712064358,1,0,0,1,0,0,1
719455083,1,0,0,1,1,0,1
717898758,1,0,0,1,0,0,1
719048133,1,0,1,1,1,0,1
713452533,1,0,1,1,1,0,1
709791333,1,0,0,1,1,0,1
720771933,1,0,1,1,1,0,1
790096533,1,0,0,1,1,0,1
716009883,1,0,1,1,1,0,1
719723658,1,0,1,1,0,0,1
820981383,1,0,1,1,1,0,1
804437658,1,0,1,1,1,0,1
803595858,1,0,0,1,0,0,1
714738033,1,0,1,1,1,0,1
789504183,1,0,0,1,1,0,1
709918158,1,0,1,1,0,0,0
715984908,1,0,1,1,0,0,1
793717608,1,0,1,1,0,0,1
717136533,1,0,1,1,0,0,1
712491108,1,0,1,1,0,0,1
818311533,1,0,1,1,0,0,1
720419358,1,0,1,1,1,0,1
807136758,1,0,0,1,1,0,1
721132233,1,0,1,1,1,0,1
802856508,1,0,1,1,1,0,1
721228308,1,0,0,1,1,0,1
715691808,1,0,1,1,1,0,1
720812433,1,0,1,1,1,0,1
789043008,1,0,1,1,1,0,1
817038333,1,0,0,1,1,0,1
822138333,1,0,0,1,1,0,1
719690733,1,0,1,1,1,0,1
713254983,1,0,1,1,0,0,1
714252933,1,0,1,1,1,0,1
710914158,1,0,0,1,1,0,1
773988708,1,0,1,1,1,0,1
720509433,1,0,1,1,0,0,1
801508383,1,0,0,1,1,0,1
713482608,1,0,0,1,0,0,1
718515483,1,0,1,1,1,0,1
718021608,1,0,1,1,0,0,0
787452333,1,0,1,1,1,0,1
718050033,1,0,1,1,0,0,1
714282333,1,0,0,1,0,0,0
771497283,1,0,1,1,0,0,0
710955633,1,0,1,1,1,0,1
795684783,1,0,0,1,1,0,0
710429358,1,0,1,1,1,0,1
715870758,1,0,0,1,1,0,1
720303933,1,0,1,1,1,0,1
771230508,1,0,1,1,1,0,1
713519508,1,0,0,1,0,0,1
787430733,1,0,1,1,1,0,1
770647233,1,0,1,1,1,0,0
766111383,1,0,1,1,1,0,1
714647808,1,0,0,1,0,0,1
720598308,1,0,1,1,1,0,1
717198633,1,0,1,1,1,0,1
714703158,1,0,1,1,0,0,1
713856708,1,0,1,1,1,0,1
717124983,1,0,1,1,1,0,1
710070183,1,0,1,1,1,0,1
712815858,1,0,1,1,0,0,1
815596608,1,0,1,1,0,0,1
716285358,1,0,0,1,1,0,0
716027208,1,0,1,1,1,0,1
711040758,1,0,1,1,0,0,1
715474083,1,0,1,1,1,0,0
794132808,1,0,1,1,1,0,0
789089958,1,0,0,1,1,0,1
711791583,1,0,1,1,1,0,1
798788958,1,0,0,1,1,0,0
788896983,1,0,1,1,1,0,1
807964908,1,0,1,1,1,0,1
717442758,1,0,0,1,1,0,1
712005108,1,0,0,1,1,0,1
789180933,1,0,1,1,1,0,1
712225008,1,0,1,1,1,0,0
779998083,1,0,1,1,1,0,1
772415808,1,0,1,1,1,0,1
718712583,1,0,0,1,0,0,1
811095483,1,0,0,1,0,0,1
822902508,1,0,0,1,1,0,1
708834483,1,0,1,1,1,0,1
807379833,1,0,0,1,0,0,1
742778358,1,0,1,1,1,0,1
712231308,1,0,1,1,1,0,0
758753283,1,0,0,1,0,0,1
780336258,1,0,1,1,1,0,1
773383158,1,0,1,1,1,0,1
718876683,1,0,1,1,1,0,1
710462433,1,0,0,1,1,0,1
795232683,1,0,1,1,0,0,0
768687183,1,0,1,1,0,0,1
788959758,1,0,1,1,1,0,1
755953308,1,0,0,1,1,0,1
721415658,1,0,1,1,1,0,0
817288458,1,0,1,1,0,0,1
711480108,1,0,1,1,1,0,1
788911458,1,0,1,1,1,0,1
709372608,1,0,1,1,0,0,0
714655758,1,0,1,1,1,0,1
768720708,1,0,1,1,1,0,0
708664008,1,0,0,1,1,0,1
709904508,1,0,1,1,1,0,1
711221958,1,0,1,1,0,0,1
721114458,1,0,1,1,1,0,0
778401033,1,0,1,1,1,0,1
718136283,1,0,0,1,1,0,1
711509658,1,0,0,1,1,0,1
719872833,1,0,1,1,0,0,0
711639708,1,0,0,1,0,0,1
789656358,1,0,1,1,1,0,1
708644208,1,0,0,1,1,0,1
772116408,1,0,1,1,1,0,1
708997833,1,0,0,1,1,0,1
816761433,1,0,1,1,1,0,0
711032058,1,0,1,1,1,0,0
719785683,1,0,1,1,1,0,0
788595183,1,0,0,1,0,0,1
794653983,1,0,1,1,1,0,1
710150208,1,0,1,1,1,0,1
712114458,1,0,0,1,1,0,1
712210458,1,0,0,1,1,0,0
709581483,1,0,1,1,1,0,1
708733983,1,0,1,1,1,0,1
779261433,1,0,1,1,1,0,1
809538783,1,0,1,1,1,0,1
720118908,1,0,1,1,0,0,1
712727283,1,0,0,1,1,0,1
714347508,1,0,1,1,1,0,1
712010358,1,0,1,1,1,0,1
715257708,1,0,1,1,1,0,1
774675933,1,0,1,1,1,0,1
721375308,1,0,1,1,1,0,1
719450508,1,0,1,1,1,0,1
809825358,1,0,1,1,0,0,1
778394358,1,0,1,1,0,0,1
713998233,1,0,1,1,1,0,1
709985133,1,0,1,1,1,0,1
713593683,1,0,1,1,0,0,1
772728933,1,0,1,1,1,0,0
720503508,1,0,0,1,1,0,1
714709983,1,0,1,1,1,0,1
709831983,1,0,0,1,1,0,0
717773433,1,0,1,1,0,0,0
711627558,1,0,1,1,1,0,1
719095533,1,0,0,1,1,0,1
740784258,1,0,1,1,1,0,1
712681608,1,0,0,1,1,0,0
715884858,1,0,0,1,1,0,1
713818158,1,0,0,1,1,0,0
711783483,1,0,0,1,1,0,1
710516283,1,0,1,1,1,0,1
709338633,1,0,1,1,0,0,0
715783758,1,0,1,1,1,0,1
709794333,1,0,1,1,1,0,1
822885033,1,0,1,1,1,0,0
712128258,1,0,0,1,0,0,0
718358808,1,0,1,1,1,0,1
715220508,1,0,1,1,1,0,0
719334408,1,0,1,1,0,0,1
708286683,1,0,1,1,0,0,1
712003083,1,0,1,1,1,0,1
714162033,1,0,0,1,1,0,0
812441358,1,0,1,1,0,0,1
713910108,1,0,1,1,1,0,1
716177583,1,0,1,1,1,0,1
714668433,1,0,1,1,1,0,1
710110683,1,0,1,1,1,0,1
710036508,1,0,1,1,1,0,1
714990633,1,0,0,1,0,0,1
783121008,1,0,0,1,1,0,0
765459858,1,0,1,1,1,0,0
714819183,1,0,1,1,1,0,1
715708308,1,0,1,1,1,0,1
720446508,1,0,0,1,0,0,1
709078908,1,0,0,1,1,0,1
711122958,1,0,0,1,1,0,1
712934583,1,0,1,1,1,0,1
714479358,1,0,1,1,1,0,1
711348033,1,0,1,1,0,0,0
779961408,1,0,1,1,1,0,0
715409733,1,0,1,1,1,0,1
709869708,1,0,1,1,1,0,1
715031433,1,0,1,1,1,0,1
714766383,1,0,1,1,1,0,1
710754933,1,0,1,1,1,0,1
824163333,1,0,0,1,0,0,1
712024908,1,0,1,1,0,0,1
719038008,1,0,1,1,1,0,1
754886958,1,0,0,1,1,0,1
804413508,1,0,1,1,1,0,1
717173358,1,0,1,1,0,0,0
795052083,1,0,1,1,1,0,0
717776808,1,0,1,1,1,0,1
715413483,1,0,0,1,1,0,1
708758658,1,0,1,1,1,0,1
714024858,1,0,1,1,0,0,1
714914583,1,0,1,1,1,0,1
712943508,1,0,1,1,1,0,1
718994583,1,0,0,1,1,0,1
769974258,1,0,1,1,0,0,1
778745058,1,0,1,1,1,0,0
717042333,1,0,0,1,1,0,1
824807658,1,0,1,1,1,0,1
710201058,1,0,0,1,1,0,1
718153233,1,0,1,1,0,0,1
721022433,1,0,1,1,1,0,1
708897408,1,0,1,1,1,0,1
718971333,1,0,0,1,1,0,1
709804533,1,0,1,1,1,0,1
717327783,1,0,0,1,1,0,1
716456808,1,0,1,1,1,0,1
794962983,1,0,1,1,1,0,0
708866133,1,0,1,1,0,0,0
720057183,1,0,1,1,1,0,1
709742958,1,0,1,1,0,0,1
713352183,1,0,1,1,1,0,1
719868183,1,0,0,1,1,0,1
717804783,1,0,0,1,1,0,1
789786258,1,0,1,1,0,0,1
708623283,1,0,1,1,1,0,1
716991933,1,0,1,1,0,0,1
753094533,1,0,1,1,0,0,1
711197658,1,0,1,1,1,0,1
710466633,1,0,1,1,0,0,1
813247083,1,0,1,1,0,0,1
710522433,1,0,1,1,1,0,1
789744033,1,0,1,1,1,0,1
789177333,1,0,1,1,1,0,1
714408933,1,0,0,1,0,0,1
778871508,1,0,0,1,1,0,1
720746208,1,0,1,1,0,0,1
789681708,1,0,1,1,1,0,1
719845908,1,0,1,1,0,0,1
809147283,1,0,0,1,1,0,0
719794383,1,0,1,1,1,0,1
771698658,1,0,1,1,1,0,0
772712658,1,0,0,1,0,0,1
715798608,1,0,1,1,0,0,0
799731033,1,0,1,1,0,0,1
789878283,1,0,1,1,1,0,0
789338583,1,0,1,1,0,0,1
718785483,1,0,1,1,0,0,1
708161133,1,0,1,1,1,0,1
719745558,1,0,1,1,1,0,1
712120608,1,0,1,1,0,0,1
815072283,1,0,1,1,1,0,1
718468158,1,0,1,1,1,0,1
721396758,1,0,0,1,1,0,1
714121083,1,0,1,1,1,0,1
719108358,1,0,0,1,1,0,1
811980858,1,0,1,1,1,0,1
821370858,1,0,0,1,1,0,1
715970133,1,0,1,1,1,0,0
780833058,1,0,1,1,0,0,1
718663983,1,0,1,1,1,0,0
826421958,1,0,1,1,1,0,0
708398283,1,0,1,1,1,0,1
710579583,1,0,1,1,1,0,1
814995933,1,0,1,1,0,0,1
711337158,1,0,1,1,1,0,0
821771508,1,0,1,1,1,0,1
713197308,1,0,0,1,1,0,1
718265658,1,0,1,1,1,0,1
711711483,1,0,1,1,1,0,1
708626058,1,0,0,1,0,0,1
709625733,1,0,1,1,0,0,1
716934333,1,0,1,1,1,0,1
715396983,1,0,1,1,0,0,0
710188308,1,0,1,1,1,0,1
714382608,1,0,0,1,0,0,1
715038033,1,0,1,1,1,0,1
715079208,1,0,1,1,1,0,1
712658283,1,0,1,1,1,0,1
710958933,1,0,0,1,1,0,1
721498008,1,0,1,1,0,0,1
713546883,1,0,1,1,1,0,1
788868858,1,0,1,1,0,0,0
712075083,1,0,1,1,1,0,1
715950483,1,0,1,1,0,0,1
711289533,1,0,1,1,1,0,0
716522583,1,0,1,1,1,0,1
709982658,1,0,1,1,1,0,1
792272658,1,0,1,1,1,0,1
712275108,1,0,1,1,0,0,1
789903708,1,0,1,1,1,0,1
711692508,1,0,1,1,0,0,0
779844408,1,0,0,1,1,0,1
720011958,1,0,1,1,1,0,0
787523283,1,0,1,1,1,0,1
708507483,1,0,1,1,1,0,0
719857008,1,0,0,1,1,0,1
709179708,1,0,1,1,1,0,1
712765158,1,0,0,1,0,0,1
719613783,1,0,1,1,0,0,1
720781158,1,0,1,1,0,0,1
708980283,1,0,1,1,0,0,1
807244983,1,0,1,1,1,0,1
717212958,1,0,0,1,1,0,1
818326083,1,0,1,1,1,0,1
719917233,1,0,1,1,1,0,1
709250508,1,0,1,1,1,0,1
714537258,1,0,0,1,1,0,1
803043933,1,0,1,1,1,0,0
779473308,1,0,0,1,1,0,1
712828533,1,0,1,1,1,0,1
712487883,1,0,1,1,1,0,1
711776433,1,0,0,1,1,0,1
711648708,1,0,0,1,1,0,1
719130558,1,0,1,1,1,0,1
708741633,1,0,1,1,1,0,1
802013583,1,0,1,1,1,0,1
712829808,1,0,1,1,1,0,1
720408708,1,0,0,1,0,0,0
771336783,1,0,0,1,1,0,1
715999608,1,0,1,1,1,0,1
713739708,1,0,1,1,1,0,1
756736008,1,0,0,1,1,0,1
718291233,1,0,1,1,0,0,1
793543758,1,0,1,1,0,0,1
715015683,1,0,1,1,1,0,1
711175083,1,0,0,1,0,0,1
716530533,1,0,0,1,1,0,1
771912408,1,0,1,1,1,0,0
714524583,1,0,1,1,0,0,1
708928908,1,0,1,1,0,0,1
708099183,1,0,1,1,1,0,1
779920533,1,0,0,1,0,0,0
710218233,1,0,0,1,1,0,1
713422083,1,0,1,1,1,0,1
809967783,1,0,1,1,1,0,0
767574108,1,0,0,1,1,0,1
780372408,1,0,0,1,1,0,1
806992533,1,0,1,1,0,0,0
757753083,1,0,1,1,1,0,1
714665733,1,0,1,1,1,0,1
715784808,1,0,1,1,1,0,1
709104333,1,0,1,1,1,0,1
789382758,1,0,0,1,1,0,1
711465333,1,0,1,1,1,0,0
821168733,1,0,1,1,1,0,1
716596308,1,0,0,1,0,0,1
708459633,1,0,1,1,1,0,1
789347133,1,0,0,1,1,0,1
714608583,1,0,1,1,0,0,1
793222008,1,0,1,1,0,0,1
713933658,1,0,1,1,1,0,0
787514433,1,0,1,1,1,0,1
719245083,1,0,1,1,0,0,1
710512833,1,0,1,1,1,0,1
779542608,1,0,1,1,0,0,1
716107158,1,0,1,1,1,0,1
811970808,1,0,1,1,1,0,1
715756683,1,0,1,1,1,0,0
789842283,1,0,1,1,1,0,1
795869583,1,0,0,1,0,0,0
792995808,1,0,1,1,0,0,0
753118533,1,0,1,1,1,0,1
711772983,1,0,0,1,1,0,1
712365483,1,0,1,1,1,0,1
709556208,1,0,1,1,1,0,0
708412758,1,0,1,1,1,0,1
788814783,1,0,1,1,0,0,1
815860008,1,0,1,1,1,0,1
790201158,1,0,0,1,0,0,0
714868608,1,0,1,1,1,0,1
711800658,1,0,1,1,1,0,1
709080783,1,0,1,1,0,0,1
710507733,1,0,1,1,1,0,1
780710433,1,0,1,1,1,0,1
714315858,1,0,1,1,0,0,1
789900633,1,0,1,1,0,0,1
720654183,1,0,0,1,1,0,1
771669183,1,0,1,1,1,0,1
712241433,1,0,0,1,1,0,1
772404633,1,0,1,1,1,0,1
719781183,1,0,1,1,1,0,1
768212583,1,0,1,1,1,0,0
720029508,1,0,0,1,0,0,1
823833483,1,0,1,1,0,0,1
779942808,1,0,0,1,1,0,1
714510483,1,0,0,1,1,0,1
719849958,1,0,1,1,1,0,1
719401158,1,0,1,1,1,0,0
708726708,1,0,1,1,1,0,1
708154833,1,0,0,1,1,0,1
816312633,1,0,1,1,1,0,1
716461683,1,0,0,1,1,0,1
797668983,1,0,0,1,1,0,1
709051533,1,0,1,1,0,0,0
716077458,1,0,1,1,0,0,1
772268058,1,0,1,1,1,0,1
711499158,1,0,1,1,0,0,1
771058908,1,0,0,1,1,0,1
716580933,1,0,0,1,1,0,1
778567983,1,0,1,1,1,0,1
714006333,1,0,1,1,1,0,1
713159133,1,0,0,1,1,0,0
808756458,1,0,0,1,1,0,1
771433608,1,0,1,1,1,0,1
708867408,1,0,1,1,1,0,0
819409608,1,0,0,1,1,0,1
709276908,1,0,0,1,1,0,1
720565458,1,0,1,1,0,0,1
713187033,1,0,1,1,1,0,1
712849158,1,0,0,1,1,0,1
710567508,1,0,1,1,1,0,1
711210633,1,0,0,1,1,0,0
805543158,1,0,1,1,1,0,1
720827133,1,0,1,1,1,0,1
715851333,1,0,1,1,1,0,0
713282733,1,0,1,1,1,0,1
720167508,1,0,0,1,1,0,1
720190908,1,0,1,1,1,0,1
714188883,1,0,0,1,1,0,1
735417408,1,0,0,1,1,0,1
714082308,1,0,1,1,0,0,1
787500333,1,0,0,1,1,0,1
754968033,1,0,0,1,1,0,0
714773508,1,0,1,1,1,0,0
717539808,1,0,0,1,1,0,1
721395633,1,0,1,1,1,0,0
738406533,1,0,1,1,0,0,0
719392833,1,0,0,1,1,0,1
721279083,1,0,1,1,0,0,1
771602883,1,0,0,1,0,0,0
787669233,1,0,1,1,1,0,1
718923858,1,0,1,1,1,0,1
711605208,1,0,1,1,1,0,1
720865383,1,0,1,1,1,0,1
715893633,1,0,1,1,1,0,1
717975333,1,0,0,1,1,0,1
712554183,1,0,1,1,1,0,1
717138558,1,0,0,1,1,0,1
721349883,1,0,1,1,0,0,1
708543258,1,0,1,1,1,0,0
719286708,1,0,1,1,1,0,0
717548358,1,0,1,1,1,0,1
716655858,1,0,0,1,1,0,0
711990933,1,0,0,1,1,0,1
815589558,1,0,0,1,0,0,1
799253808,1,0,0,1,0,0,0
716235783,1,0,0,1,1,0,1
720935658,1,0,1,1,1,0,1
712454058,1,0,0,1,0,0,1
716142858,1,0,0,1,0,0,1
778327908,1,0,1,1,1,0,1
779571708,1,0,1,1,1,0,1
708684108,1,0,1,1,1,0,1
720686583,1,0,1,1,0,0,1
779925033,1,0,1,1,1,0,1
718425333,1,0,0,1,1,0,0
711478233,1,0,1,1,1,0,1
794818833,1,0,1,1,1,0,1
713924283,1,0,0,1,0,0,1
716754783,1,0,0,1,1,0,1
709467183,1,0,0,1,1,0,0
719528958,1,0,1,1,1,0,1
758583708,1,0,0,1,1,0,1
818248383,1,0,0,1,1,0,1
780032208,1,0,1,1,1,0,1
713789883,1,0,1,1,0,0,1
818322033,1,0,1,1,1,0,0
793355508,1,0,1,1,1,0,1
767266758,1,0,1,1,1,0,1
788715483,1,0,1,1,1,0,1
721529583,1,0,1,1,1,0,1
709284333,1,0,1,1,0,0,1
709326183,1,0,1,1,1,0,1
788701608,1,0,1,1,1,0,1
711473058,1,0,0,1,1,0,1
716186883,1,0,0,1,0,0,0
827683383,1,0,1,1,1,0,0
719125158,1,0,1,1,1,0,1
779270883,1,0,1,1,1,0,1
779141658,1,0,1,1,1,0,1
719242533,1,0,0,1,1,0,1
711782733,1,0,1,1,1,0,1
814571058,1,0,1,1,1,0,1
715996983,1,0,0,1,1,0,1
819610908,1,0,1,1,1,0,0
708212658,1,0,1,1,1,0,1
790082508,1,0,1,1,1,0,1
827703258,1,0,1,1,1,0,1
716981358,1,0,0,1,1,0,1
719229708,1,0,1,1,1,0,1
710952933,1,0,1,1,1,0,1
714139308,1,0,0,1,1,0,0
803231058,1,0,1,1,0,0,1
718072758,1,0,0,1,1,0,1
721388283,1,0,1,1,1,0,1
717596883,1,0,0,1,1,0,1
717237708,1,0,1,1,1,0,1
719488008,1,0,1,1,0,0,1
710792733,1,0,1,1,1,0,1
811081083,1,0,1,1,1,0,0
815088483,1,0,1,1,1,0,1
708447858,1,0,0,1,1,0,0
714575208,1,0,0,1,1,0,1
711709683,1,0,1,1,0,0,1
787231233,1,0,1,1,1,0,1
770038983,1,0,1,1,1,0,1
714879483,1,0,0,1,0,0,1
718685358,1,0,1,1,0,0,1
711919608,1,0,1,1,0,0,1
793379058,1,0,1,1,1,0,1
711597183,1,0,0,1,0,0,1
719826333,1,0,1,1,1,0,1
788811558,1,0,0,1,1,0,1
794637333,1,0,1,1,1,0,1
826068183,1,0,1,1,1,0,0
715315833,1,0,1,1,0,0,1
719680908,1,0,1,1,1,0,1
719563158,1,0,1,1,1,0,1
789328083,1,0,1,1,0,0,1
714559458,1,0,0,1,1,0,1
760104333,1,0,0,1,1,0,1
778375458,1,0,0,1,1,0,1
809984133,1,0,1,1,0,0,1
716244033,1,0,0,1,1,0,1
716815308,1,0,0,1,0,0,1
717414933,1,0,1,1,1,0,1
708748833,1,0,0,1,0,0,0
720281508,1,0,1,1,0,0,1
708885558,1,0,1,1,1,0,0
740065833,1,0,0,1,1,0,0
787456608,1,0,0,1,0,0,1
711005583,1,0,1,1,0,0,1
826467333,1,0,1,1,1,0,1
718418958,1,0,1,1,1,0,1
772231233,1,0,1,1,1,0,1
719647383,1,0,1,1,1,0,1
714422058,1,0,0,1,1,0,1
715674483,1,0,0,1,1,0,1
779223858,1,0,1,1,0,0,1
714652383,1,0,1,1,1,0,1
719831958,1,0,0,1,1,0,1
711629733,1,0,1,1,1,0,1
779170008,1,0,1,1,1,0,1
715455708,1,0,1,1,1,0,1
721104708,1,0,1,1,0,0,1
715905633,1,0,0,1,1,0,1
809941233,1,0,1,1,0,0,1
785119833,1,0,1,1,0,0,1
713557533,1,0,1,1,1,0,1
713056083,1,0,0,1,0,0,1
709709283,1,0,1,1,1,0,1
708982158,1,0,1,1,1,0,0
714435408,1,0,1,1,0,0,1
711010683,1,0,1,1,1,0,0
711017433,1,0,0,1,1,0,1
714606558,1,0,0,1,1,0,1
714069858,1,0,0,1,0,0,1
713003358,1,0,1,1,1,0,1
712510833,1,0,1,1,1,0,1
711345258,1,0,1,1,1,0,1
713032233,1,0,1,1,0,0,1
720105933,1,0,1,1,1,0,0
719887008,1,0,0,1,1,0,0
778949133,1,0,1,1,1,0,1
712690458,1,0,1,1,1,0,0
744307008,1,0,1,1,0,0,1
780106908,1,0,1,1,0,0,1
717295683,1,0,1,1,1,0,1
716024808,1,0,1,1,0,0,1
778346283,1,0,1,1,1,0,1
713784558,1,0,1,1,1,0,1
721486908,1,0,1,1,1,0,1
711615933,1,0,0,1,1,0,1
716198358,1,0,1,1,1,0,1
772375533,1,0,1,1,0,0,1
718303683,1,0,1,1,0,0,1
720344658,1,0,1,1,1,0,1
708296883,1,0,0,1,1,0,1
713953383,1,0,1,1,1,0,1
779613933,1,0,0,1,0,0,1
794340033,1,0,1,1,1,0,1
822905058,1,0,1,1,0,0,1
772569033,1,0,1,1,0,0,1
712113558,1,0,1,1,1,0,1
709224858,1,0,1,1,1,0,1
708255633,1,0,0,1,1,0,1
821759658,1,0,1,1,1,0,1
714043833,1,0,1,1,1,0,1
712133508,1,0,1,1,0,0,1
713931258,1,0,0,1,0,0,1
713879283,1,0,1,1,1,0,1
806160108,1,0,0,1,1,0,0
718161708,1,0,1,1,1,0,0
717787533,1,0,1,1,1,0,1
780206958,1,0,1,1,1,0,1
808279158,1,0,0,1,0,0,0
719354433,1,0,1,1,0,0,1
713104458,1,0,1,1,1,0,1
715052583,1,0,1,1,0,0,0
714197133,1,0,1,1,0,0,1
713541033,1,0,1,1,1,0,1
711118083,1,0,0,1,1,0,1
771217758,1,0,0,1,0,0,0
717874533,1,0,1,1,1,0,1
717958833,1,0,0,1,1,0,0
799707858,1,0,1,1,0,0,1
716169258,1,0,1,1,1,0,1
778943883,1,0,1,1,1,0,1
778340733,1,0,1,1,1,0,1
712219083,1,0,1,1,0,0,1
719391783,1,0,1,1,1,0,1
713808633,1,0,1,1,1,0,0
772143333,1,0,1,1,0,0,1
778255083,1,0,1,1,1,0,1
712171158,1,0,0,1,1,0,1
720779733,1,0,0,1,1,0,1
715615233,1,0,0,1,0,0,1
720470133,1,0,0,1,0,0,1
718980633,1,0,0,1,0,0,1
710109633,1,0,1,1,1,0,1
709075533,1,0,0,1,0,0,1
720608658,1,0,1,1,1,0,0
719816583,1,0,1,1,0,0,1
770824833,1,0,0,1,1,0,0
714629358,1,0,0,1,1,0,1
788826408,1,0,0,1,1,0,1
711830433,1,0,1,1,1,0,1
720326733,1,0,0,1,1,0,1
811463283,1,0,0,1,1,0,1
719905908,1,0,1,1,1,0,1
709701558,1,0,0,1,1,0,1
708158133,1,0,1,1,1,0,1
720648483,1,0,0,1,1,0,1
710141208,1,0,1,1,1,0,0
710598408,1,0,1,1,0,0,0
716458983,1,0,1,1,1,0,0
715680933,1,0,0,1,1,0,1
789605658,1,0,1,1,1,0,1
778853358,1,0,0,1,1,0,1
789370383,1,0,0,1,1,0,1
809855808,1,0,1,1,1,0,1
818375733,1,0,1,1,1,0,1
720921408,1,0,1,1,1,0,1
710456658,1,0,1,1,0,0,1
718354683,1,0,1,1,0,0,1
810868758,1,0,1,1,1,0,1
709606158,1,0,0,1,1,0,1
708387933,1,0,0,1,1,0,0
719602908,1,0,1,1,1,0,1
789358908,1,0,1,1,0,0,1
827984658,1,0,1,1,0,0,1
779217333,1,0,1,1,1,0,1
716873733,1,0,1,1,0,0,1
709965858,1,0,1,1,1,0,1
719252583,1,0,1,1,0,0,0
711128433,1,0,1,1,1,0,1
789314133,1,0,1,1,0,0,1
719139558,1,0,1,1,1,0,1
715448058,1,0,0,1,1,0,0
708393633,1,0,1,1,1,0,0
710527533,1,0,1,1,0,0,1
719100633,1,0,0,1,1,0,0
720486408,1,0,0,1,1,0,1
767564358,1,0,1,1,0,0,1
709596783,1,0,1,1,1,0,1
718001508,1,0,1,1,0,0,1
720132258,1,0,0,1,1,0,1
716811483,1,0,1,1,1,0,1
780074733,1,0,1,1,0,0,1
720848733,1,0,1,1,1,0,1
709171308,1,0,1,1,0,0,0
710044308,1,0,1,1,1,0,1
809589783,1,0,0,1,1,0,0
720529308,1,0,0,1,0,0,1
715686183,1,0,0,1,1,0,1
807209808,1,0,1,1,0,0,1
769962933,1,0,0,1,1,0,1
721365033,1,0,0,1,1,0,1
711866358,1,0,1,1,1,0,1
779249583,1,0,0,1,0,0,0
771534408,1,0,0,1,1,0,1
711046383,1,0,1,1,1,0,1
714283458,1,0,1,1,0,0,0
713814408,1,0,0,1,0,0,1
710536983,1,0,1,1,1,0,1
716546283,1,0,0,1,0,0,1
778356408,1,0,0,1,1,0,1
802247658,1,0,1,1,1,0,0
787458783,1,0,1,1,1,0,1
771330558,1,0,1,1,1,0,1
710596983,1,0,1,1,0,0,0
779759058,1,0,0,1,1,0,1
788794758,1,0,0,1,1,0,1
770667408,1,0,1,1,1,0,1
771062733,1,0,1,1,1,0,0
720348933,1,0,0,1,0,0,1
715090008,1,0,0,1,1,0,0
748194633,1,0,1,1,1,0,0
712475733,1,0,1,1,1,0,1
717991533,1,0,1,1,0,0,0
710787708,1,0,0,1,0,0,1
714633858,1,0,1,1,1,0,1
720714933,1,0,1,1,1,0,1
787587033,1,0,1,1,1,0,1
712624383,1,0,1,1,1,0,0
708759408,1,0,0,1,0,0,0
715057383,1,0,1,1,1,0,1
710801133,1,0,1,1,1,0,1
708532308,1,0,0,1,1,0,1
778428108,1,0,1,1,0,0,0
771490833,1,0,1,1,1,0,1
804462633,1,0,1,1,1,0,1
718297683,1,0,0,1,1,0,1
715518783,1,0,1,1,0,0,0
714207483,1,0,0,1,0,0,1
794579658,1,0,0,1,0,0,1
710873583,1,0,1,1,0,0,0
816864483,1,0,0,1,1,0,1
715259583,1,0,1,1,1,0,1
752648883,1,0,1,1,0,0,1
771464808,1,0,0,1,1,0,1
714058308,1,0,1,1,1,0,1
774437583,1,0,1,1,1,0,1
710051658,1,0,1,1,0,0,1
778710783,1,0,1,1,1,0,1
708125733,1,0,1,1,1,0,1
720087708,1,0,1,1,1,0,1
716279508,1,0,1,1,1,0,1
711885258,1,0,1,1,1,0,1
717217983,1,0,1,1,1,0,1
708811233,1,0,1,1,0,0,1
710074458,1,0,1,1,1,0,1
720027258,1,0,1,1,1,0,1
721333233,1,0,1,1,1,0,1
781306758,1,0,1,1,0,0,1
809071083,1,0,0,1,1,0,1
719732433,1,0,1,1,1,0,1
714989583,1,0,1,1,1,0,1
713733633,1,0,1,1,1,0,1
709007883,1,0,0,1,1,0,0
710924658,1,0,1,1,0,0,0
709064208,1,0,1,1,0,0,1
812446158,1,0,1,1,1,0,1
779360808,1,0,1,1,1,0,1
712555233,1,0,0,1,1,0,1
772837083,1,0,1,1,0,0,1
716839983,1,0,0,1,1,0,1
711557508,1,0,1,1,1,0,1
711291558,1,0,1,1,1,0,1
789990333,1,0,1,1,0,0,1
716296833,1,0,1,1,1,0,0
711204483,1,0,1,1,1,0,1
714202008,1,0,1,1,1,0,1
710751033,1,0,1,1,1,0,1
711574008,1,0,0,1,1,0,1
769667583,1,0,1,1,1,0,1
714076683,1,0,1,1,1,0,1
720248208,1,0,1,1,1,0,1
806900508,1,0,1,1,1,0,1
771918033,1,0,1,1,1,0,0
780276258,1,0,1,1,1,0,1
769574883,1,0,1,1,1,0,1
711195558,1,0,0,1,1,0,1
713536158,1,0,1,1,1,0,1
718742808,1,0,1,1,1,0,0
711691608,1,0,1,1,1,0,1
814765533,1,0,1,1,1,0,1
710934033,1,0,0,1,1,0,1
708918558,1,0,1,1,0,0,1
823837158,1,0,1,1,1,0,0
718755483,1,0,1,1,1,0,1
710164683,1,0,1,1,0,0,1
710004933,1,0,1,1,1,0,1
708506508,1,0,1,1,1,0,1
709219533,1,0,0,1,1,0,1
779536233,1,0,1,1,1,0,1
715085733,1,0,0,1,1,0,0
712516608,1,0,1,1,0,0,0
767294658,1,0,1,1,0,0,1
715400733,1,0,1,1,1,0,0
708434733,1,0,1,1,1,0,1
715491483,1,0,1,1,1,0,1
720432858,1,0,1,1,1,0,1
720093333,1,0,1,1,1,0,1
711608958,1,0,0,1,1,0,1
801380808,1,0,1,1,0,0,1
717790233,1,0,0,1,0,0,1
711493158,1,0,0,1,1,0,1
714164808,1,0,0,1,1,0,1
711846183,1,0,1,1,1,0,1
779509983,1,0,1,1,1,0,1
718071933,1,0,1,1,0,0,0
708757233,1,0,1,1,0,0,1
720306408,1,0,1,1,1,0,0
715022133,1,0,1,1,1,0,1
714320358,1,0,1,1,1,0,1
766550808,1,0,0,1,1,0,0
789637308,1,0,1,1,0,0,1
806624208,1,0,1,1,0,0,1
713804058,1,0,0,1,1,0,1
710183283,1,0,0,1,0,0,1
803657133,1,0,1,1,1,0,1
711052308,1,0,0,1,1,0,1
814459833,1,0,0,1,1,0,1
713845083,1,0,1,1,1,0,1
717000858,1,0,1,1,1,0,1
710529708,1,0,1,1,1,0,0
827436483,1,0,1,1,1,0,1
716102583,1,0,1,1,1,0,1
804663258,1,0,0,1,1,0,1
823615983,1,0,1,1,0,0,1
718516533,1,0,1,1,0,0,1
758653833,1,0,1,1,1,0,1
789541458,1,0,0,1,0,0,1
714578283,1,0,1,1,0,0,1
711834708,1,0,1,1,1,0,0
711468708,1,0,1,1,0,0,1
716929233,1,0,0,1,1,0,0
778734108,1,0,1,1,1,0,0
778921908,1,0,1,1,1,0,1
714424533,1,0,1,1,0,0,1
720841533,1,0,0,1,1,0,0
720774183,1,0,1,1,1,0,1
789853533,1,0,1,1,1,0,1
712675158,1,0,0,1,0,0,1
717397983,1,0,1,1,1,0,0
720923658,1,0,1,1,1,0,1
710066133,1,0,1,1,1,0,1
710562258,1,0,1,1,1,0,0
715279683,1,0,0,1,0,0,1
714797733,1,0,1,1,1,0,1
718492908,1,0,1,1,1,0,1
750147483,1,0,0,1,1,0,1
716345283,1,0,1,1,0,0,1
716441058,1,0,1,1,1,0,0
778643733,1,0,1,1,1,0,1
806995683,1,0,1,1,0,0,1
774588633,1,0,0,1,1,0,1
788838033,1,0,1,1,1,0,1
716926758,1,0,1,1,0,0,0
709500183,1,0,1,1,1,0,1
790141308,1,0,1,1,1,0,1
713372583,1,0,1,1,1,0,1
780265458,1,0,1,1,0,0,1
712270158,1,0,1,1,0,0,1
721382208,1,0,1,1,1,0,0
771894558,1,0,1,1,1,0,0
715601808,1,0,0,1,0,0,0
785237958,1,0,1,1,1,0,1
720597108,1,0,0,1,0,0,1
715391433,1,0,1,1,1,0,0
720782658,1,0,1,1,0,0,1
714802458,1,0,1,1,1,0,1
794528283,1,0,1,1,0,0,1
813905508,1,0,1,1,1,0,1
710307933,1,0,1,1,0,0,1
720211533,1,0,1,1,1,0,1
710845308,1,0,0,1,1,0,0
801516183,1,0,1,1,1,0,1
710547783,1,0,1,1,1,0,0
708708858,1,0,1,1,1,0,1
713837058,1,0,1,1,1,0,1
710855508,1,0,1,1,1,0,1
717050883,1,0,1,1,0,0,1
710197308,1,0,0,1,1,0,1
772514808,1,0,1,1,1,0,1
822112383,1,0,1,1,0,0,1
721188033,1,0,1,1,1,0,0
714171108,1,0,1,1,0,0,1
712164333,1,0,1,1,1,0,1
716323683,1,0,1,1,1,0,0
787849833,1,0,1,1,0,0,1
716680983,1,0,0,1,0,0,1
769323183,1,0,0,1,1,0,1
716708583,1,0,1,1,1,0,1
788210583,1,0,1,1,1,0,1
713964858,1,0,0,1,1,0,1
714523383,1,0,1,1,1,0,1
713974533,1,0,1,1,0,0,0
714374133,1,0,0,1,1,0,1
788791383,1,0,1,1,1,0,1
772643058,1,0,1,1,1,0,1
710986758,1,0,1,1,1,0,1
711942783,1,0,0,1,1,0,1
716836308,1,0,1,1,1,0,0
721221783,1,0,1,1,1,0,1
708809283,1,0,0,1,1,0,1
714671658,1,0,1,1,1,0,0
716203308,1,0,1,1,0,0,1
717651333,1,0,1,1,1,0,1
778563858,1,0,1,1,1,0,0
711311883,1,0,0,1,1,0,1
715310208,1,0,1,1,1,0,1
779471883,1,0,1,1,1,0,1
771061008,1,0,1,1,1,0,1
715383108,1,0,1,1,0,0,1
716411358,1,0,0,1,1,0,0
818305008,1,0,1,1,1,0,1
711050058,1,0,0,1,1,0,1
787593558,1,0,0,1,1,0,1
712734933,1,0,0,1,1,0,1
779348358,1,0,0,1,1,0,1
806914158,1,0,0,1,1,0,1
715537383,1,0,1,1,1,0,1
715650783,1,0,1,1,0,0,1
811974483,1,0,1,1,1,0,1
713149683,1,0,0,1,1,0,1
721212258,1,0,1,1,1,0,1
712973733,1,0,1,1,1,0,1
716374308,1,0,1,1,1,0,1
721282908,1,0,1,1,1,0,1
788752833,1,0,0,1,1,0,1
815504583,1,0,0,1,1,0,1
799026633,1,0,0,1,0,0,1
718441308,1,0,0,1,0,0,1
716382708,1,0,0,1,1,0,0
716894658,1,0,1,1,1,0,0
758186433,1,0,1,1,1,0,1
710227908,1,0,1,1,1,0,1
772640808,1,0,1,1,1,0,0
781089708,1,0,0,1,0,0,1
713830233,1,0,1,1,1,0,1
751166508,1,0,0,1,1,0,0
710374008,1,0,1,1,1,0,0
714313608,1,0,1,1,0,0,1
778663458,1,0,1,1,0,0,1
716498883,1,0,0,1,1,0,0
714187533,1,0,0,1,0,0,1
779084208,1,0,1,1,0,0,1
714823308,1,0,1,1,1,0,0
715571583,1,0,0,1,1,0,1
765692658,1,0,0,1,0,0,1
708085458,1,0,1,1,1,0,1
718890933,1,0,0,1,1,0,1
708119658,1,0,1,1,1,0,1
795343683,1,0,1,1,1,0,1
710391258,1,0,0,1,1,0,1
712190358,1,0,1,1,0,0,1
712294983,1,0,1,1,1,0,1
709199358,1,0,1,1,0,0,1
708482658,1,0,0,1,0,0,0
801056358,1,0,1,1,1,0,1
788747358,1,0,1,1,1,0,1
708276183,1,0,1,1,1,0,1
713043183,1,0,0,1,1,0,1
779779083,1,0,0,1,1,0,0
717271983,1,0,1,1,1,0,1
714600258,1,0,0,1,0,0,1
789122808,1,0,1,1,1,0,1
709009833,1,0,1,1,0,0,1
714217908,1,0,1,1,1,0,1
719679858,1,0,0,1,1,0,1
717511533,1,0,1,1,1,0,1
789662283,1,0,1,1,1,0,1
720755658,1,0,1,1,1,0,0
719841708,1,0,1,1,1,0,0
717570258,1,0,0,1,0,0,1
710180958,1,0,1,1,1,0,1
717788958,1,0,0,1,1,0,0
712774908,1,0,1,1,1,0,1
768490458,1,0,1,1,1,0,1
757685733,1,0,1,1,1,0,1
719756133,1,0,0,1,1,0,1
709537683,1,0,0,1,1,0,1
719073483,1,0,0,1,0,0,1
716959833,1,0,0,1,0,0,1
721538883,1,0,1,1,1,0,1
714047733,1,0,1,1,1,0,1
756571983,1,0,1,1,1,0,1
715492983,1,0,1,1,0,0,1
788805108,1,0,1,1,0,0,1
708295533,1,0,1,1,1,0,1
708399858,1,0,1,1,0,0,1
794784633,1,0,1,1,0,0,1
708653958,1,0,1,1,1,0,1
720001758,1,0,1,1,1,0,0
778919583,1,0,1,1,0,0,1
708575058,1,0,1,1,1,0,1
823648983,1,0,1,1,1,0,0
711659958,1,0,0,1,0,0,1
711256908,1,0,0,1,1,0,1
809320908,1,0,1,1,1,0,1
708720558,1,0,1,1,1,0,1
718020408,1,0,1,1,1,0,0
789297558,1,0,0,1,1,0,1
712524858,1,0,0,1,1,0,0
719463708,1,0,1,1,1,0,1
715442958,1,0,0,1,1,0,1
716156508,1,0,1,1,1,0,1
809990883,1,0,0,1,1,0,1
713241033,1,0,1,1,1,0,0
758106108,1,0,1,1,1,0,1
709261383,1,0,1,1,1,0,1
716442333,1,0,1,1,1,0,1
823578483,1,0,1,1,0,0,1
719455908,1,0,1,1,0,0,1
785487783,1,0,1,1,0,0,0
709979583,1,0,1,1,0,0,1
718566858,1,0,1,1,1,0,1
711847833,1,0,1,1,0,0,1
794482158,1,0,0,1,0,0,1
770241333,1,0,1,1,1,0,1
709224033,1,0,1,1,1,0,1
788673708,1,0,0,1,1,0,1
810875958,1,0,1,1,1,0,0
710277183,1,0,1,1,1,0,1
710664558,1,0,1,1,1,0,1
780376683,1,0,1,1,1,0,0
719243808,1,0,1,1,0,0,1
826780683,1,0,1,1,1,0,1
779610033,1,0,0,1,0,0,1
816073983,1,0,1,1,1,0,1
712880283,1,0,1,1,0,0,1
824761458,1,0,1,1,1,0,1
717348258,1,0,1,1,1,0,1
718298733,1,0,0,1,1,0,1
716909283,1,0,1,1,0,0,1
780202908,1,0,1,1,1,0,1
721044333,1,0,1,1,0,0,1
801726933,1,0,1,1,1,0,1
803880108,1,0,0,1,1,0,0
798030933,1,0,1,1,1,0,1
778601733,1,0,0,1,1,0,0
719538183,1,0,1,1,1,0,0
779400183,1,0,0,1,1,0,1
713944833,1,0,1,1,1,0,1
721000833,1,0,1,1,1,0,0
720906033,1,0,1,1,1,0,0
710862258,1,0,0,1,1,0,1
716671983,1,0,1,1,1,0,1
719238183,1,0,1,1,1,0,1
715515333,1,0,1,1,1,0,0
809540733,1,0,0,1,0,0,0
798114033,1,0,1,1,0,0,1
712459233,1,0,1,1,0,0,1
714713508,1,0,0,1,1,0,1
717066408,1,0,0,1,1,0,1
721514883,1,0,1,1,1,0,1
771809733,1,0,1,1,1,0,1
772857558,1,0,1,1,1,0,0
771234558,1,0,0,1,1,0,1
789613083,1,0,1,1,1,0,1
712987608,1,0,0,1,1,0,1
710449983,1,0,0,1,1,0,1
711874833,1,0,1,1,1,0,1
713748708,1,0,0,1,0,0,1
773389908,1,0,1,1,1,0,1
787226508,1,0,0,1,1,0,1
753208833,1,0,1,1,1,0,1
714909108,1,0,1,1,1,0,1
715495308,1,0,1,1,1,0,0
717242058,1,0,1,1,1,0,1
708394908,1,0,0,1,1,0,1
713264583,1,0,1,1,1,0,1
717229158,1,0,1,1,1,0,1
712407783,1,0,1,1,0,0,1
719951208,1,0,0,1,1,0,1
715445058,1,0,1,1,1,0,0
718064283,1,0,1,1,1,0,1
709610283,1,0,1,1,0,0,1
804847308,1,0,0,1,1,0,1
817422408,1,0,0,1,1,0,1
827332983,1,0,1,1,0,0,1
713095533,1,0,1,1,0,0,1
709185108,1,0,0,1,1,0,0
780114558,1,0,1,1,1,0,0
709074108,1,0,0,1,1,0,1
711526533,1,0,1,1,1,0,1
713412558,1,0,1,1,0,0,1
719834208,1,0,0,1,1,0,1
714733908,1,0,0,1,1,0,0
721137558,1,0,0,1,0,0,1
717409533,1,0,1,1,1,0,1
715269483,1,0,0,1,1,0,0
715942683,1,0,0,1,1,0,1
772661808,1,0,1,1,1,0,1
714959358,1,0,1,1,1,0,1
770766633,1,0,0,1,1,0,0
710639658,1,0,1,1,1,0,1
712125258,1,0,0,1,0,0,1
780045708,1,0,0,1,1,0,1
779130108,1,0,1,1,1,0,1
803833608,1,0,1,1,1,0,1
708241233,1,0,1,1,1,0,1
711589758,1,0,0,1,1,0,1
768563658,1,0,0,1,1,0,1
718009158,1,0,0,1,1,0,1
715260558,1,0,1,1,1,0,1
772145658,1,0,0,1,1,0,1
715429608,1,0,1,1,0,0,1
779299233,1,0,1,1,1,0,1
718889508,1,0,1,1,0,0,0
710116833,1,0,0,1,1,0,1
716124408,1,0,1,1,0,0,1
780545133,1,0,0,1,0,0,1
712288158,1,0,1,1,1,0,0
721234308,1,0,0,1,1,0,1
719473458,1,0,0,1,0,0,1
713299758,1,0,1,1,1,0,1
710260983,1,0,1,1,1,0,1
819189108,1,0,1,1,0,0,1
755467683,1,0,0,1,1,0,1
718121658,1,0,0,1,0,0,1
713096583,1,0,0,1,1,0,1
716619558,1,0,1,1,1,0,0
770901258,1,0,1,1,1,0,1
810789708,1,0,1,1,0,0,0
789280683,1,0,1,1,1,0,0
710157108,1,0,0,1,1,0,1
751607058,1,0,1,1,1,0,1
708952758,1,0,1,1,1,0,1
780289308,1,0,1,1,1,0,1
708330858,1,0,0,1,1,0,1
720892833,1,0,1,1,1,0,1
711949683,1,0,1,1,1,0,1
789523683,1,0,1,1,1,0,1
713645883,1,0,1,1,0,0,1
818259558,1,0,1,1,1,0,1
711327558,1,0,1,1,1,0,1
789345408,1,0,1,1,1,0,1
819363708,1,0,1,1,1,0,1
713583408,1,0,1,1,0,0,1
778436283,1,0,1,1,1,0,1
799468083,1,0,1,1,1,0,0
801783108,1,0,1,1,1,0,1
716532258,1,0,0,1,1,0,1
817144458,1,0,1,1,1,0,1
712863183,1,0,0,1,1,0,0
719523108,1,0,1,1,1,0,1
714520233,1,0,0,1,0,0,1
719659758,1,0,0,1,0,0,1
716302383,1,0,1,1,1,0,1
719068683,1,0,1,1,1,0,1
717828108,1,0,1,1,0,0,1
708688608,1,0,0,1,0,0,1
717252483,1,0,1,1,0,0,1
711626658,1,0,1,1,1,0,1
708753633,1,0,1,1,1,0,1
789396783,1,0,1,1,0,0,1
714012258,1,0,1,1,0,0,1
712901283,1,0,1,1,1,0,1
712071708,1,0,1,1,0,0,1
718376583,1,0,1,1,0,0,1
711216933,1,0,0,1,1,0,1
713231658,1,0,1,1,0,0,1
708217758,1,0,0,1,1,0,0
713206683,1,0,1,1,1,0,1
711093408,1,0,0,1,1,0,1
719971458,1,0,1,1,0,0,1
714850158,1,0,0,1,1,0,1
713486583,1,0,1,1,1,0,0
717640083,1,0,0,1,1,0,1
708242283,1,0,1,1,1,0,1
709418508,1,0,1,1,1,0,0
716663808,1,0,0,1,1,0,0
713868033,1,0,1,1,1,0,0
720330558,1,0,0,1,1,0,1
720254883,1,0,1,1,1,0,1
717291333,1,0,1,1,1,0,0
789167658,1,0,0,1,1,0,1
712768983,1,0,1,1,1,0,0
714292533,1,0,1,1,1,0,1
716644008,1,0,1,1,1,0,1
714368883,1,0,1,1,1,0,0
720457608,1,0,0,1,0,0,1
805534608,1,0,1,1,1,0,1
710058033,1,0,1,1,1,0,1
715506258,1,0,0,1,1,0,1
709707033,1,0,1,1,1,0,1
772782708,1,0,1,1,1,0,1
719934783,1,0,0,1,1,0,0
720174033,1,0,1,1,0,0,0
721511883,1,0,1,1,1,0,1
772794108,1,0,1,1,1,0,1
789368658,1,0,0,1,1,0,1
711398433,1,0,0,1,1,0,0
714303483,1,0,1,1,0,0,0
709259958,1,0,1,1,0,0,1
813752433,1,0,0,1,1,0,1
790139583,1,0,1,1,0,0,1
715812258,1,0,0,1,1,0,0
788519958,1,0,1,1,1,0,0
720212508,1,0,0,1,1,0,1
715232058,1,0,1,1,0,0,1
710844408,1,0,1,1,1,0,1
714086133,1,0,1,1,0,0,1
717859233,1,0,1,1,1,0,1
770937183,1,0,0,1,0,0,1
716041908,1,0,1,1,1,0,1
719656533,1,0,1,1,1,0,1
788898933,1,0,1,1,1,0,1
779618433,1,0,1,1,0,0,1
772339383,1,0,0,1,1,0,0
720168558,1,0,0,1,1,0,1
717401883,1,0,1,1,1,0,1
809844108,1,0,1,1,1,0,1
717424458,1,0,1,1,1,0,1
789777408,1,0,0,1,1,0,1
712206858,1,0,1,1,1,0,0
821149008,1,0,0,1,1,0,1
814593858,1,0,1,1,1,0,1
768364233,1,0,1,1,1,0,1
711636558,1,0,0,1,1,0,1
710233683,1,0,1,1,1,0,1
804045933,1,0,1,1,1,0,1
747107508,1,0,0,1,0,0,1
711831558,1,0,1,1,1,0,1
779468808,1,0,0,1,1,0,1
819969933,1,0,1,1,1,0,1
721378008,1,0,1,1,1,0,1
721485708,1,0,0,1,1,0,1
711762408,1,0,1,1,1,0,1
713957283,1,0,1,1,1,0,1
719266158,1,0,1,1,0,0,1
712267983,1,0,1,1,0,0,1
708117933,1,0,1,1,0,0,1
710850633,1,0,1,1,1,0,1
789339633,1,0,0,1,1,0,1
711243108,1,0,0,1,1,0,1
779577108,1,0,1,1,1,0,1
708856983,1,0,0,1,0,0,1
716825808,1,0,0,1,1,0,1
720148983,1,0,0,1,0,0,0
788776008,1,0,1,1,1,0,1
714142158,1,0,0,1,1,0,0
716512383,1,0,1,1,0,0,1
824560758,1,0,0,1,1,0,1
709158333,1,0,1,1,1,0,0
721274208,1,0,1,1,1,0,1
721304133,1,0,1,1,0,0,1
770800683,1,0,1,1,1,0,1
719078283,1,0,0,1,1,0,1
789047208,1,0,1,1,1,0,1
818930808,1,0,0,1,0,0,1
713086008,1,0,1,1,0,0,1
778885158,1,0,0,1,1,0,1
719445633,1,0,1,1,1,0,1
710090958,1,0,1,1,1,0,1
716793108,1,0,1,1,0,0,1
715345833,1,0,1,1,0,0,1
788030208,1,0,1,1,0,0,1
716837508,1,0,1,1,1,0,0
720680058,1,0,1,1,0,0,1
718399233,1,0,1,1,1,0,1
712202433,1,0,0,1,0,0,1
811475733,1,0,1,1,1,0,1
779031033,1,0,1,1,1,0,1
709514433,1,0,0,1,1,0,0
712655583,1,0,0,1,1,0,1
710899833,1,0,1,1,1,0,1
717541308,1,0,1,1,1,0,1
779638983,1,0,0,1,1,0,1
712460433,1,0,1,1,1,0,1
716725008,1,0,1,1,1,0,0
711012783,1,0,0,1,1,0,1
716791908,1,0,0,1,0,0,1
719614758,1,0,1,1,0,0,1
718025808,1,0,0,1,1,0,1
796029483,1,0,1,1,1,0,1
716841783,1,0,1,1,1,0,1
712914783,1,0,1,1,1,0,1
772426383,1,0,1,1,0,0,1
710871108,1,0,0,1,1,0,1
712208658,1,0,0,1,1,0,0
772539558,1,0,1,1,1,0,1
710019933,1,0,0,1,0,0,0
720013083,1,0,0,1,0,0,1
716236683,1,0,1,1,1,0,1
711982383,1,0,1,1,1,0,1
714786483,1,0,1,1,0,0,1
721210158,1,0,0,1,1,0,0
717569283,1,0,0,1,1,0,1
771450708,1,0,1,1,0,0,1
715485483,1,0,1,1,1,0,1
819631158,1,0,0,1,0,0,1
754654383,1,0,1,1,1,0,1
720214833,1,0,1,1,1,0,1
711267633,1,0,1,1,0,0,0
708515358,1,0,1,1,1,0,1
709990983,1,0,1,1,0,0,1
718870158,1,0,1,1,1,0,1
718032483,1,0,1,1,0,0,1
713796033,1,0,1,1,1,0,1
718632933,1,0,1,1,1,0,0
710455608,1,0,0,1,1,0,1
789413958,1,0,0,1,0,0,1
713295183,1,0,1,1,1,0,1
758965158,1,0,1,1,1,0,1
802673508,1,0,1,1,0,0,0
789705408,1,0,1,1,1,0,1
788107683,1,0,1,1,1,0,1
711844758,1,0,0,1,1,0,1
715714458,1,0,0,1,1,0,1
710628783,1,0,0,1,0,0,1
815756058,1,0,1,1,1,0,1
715827858,1,0,1,1,1,0,0
709108533,1,0,1,1,1,0,1
716741508,1,0,0,1,1,0,1
714602658,1,0,1,1,1,0,1
714490308,1,0,1,1,0,0,1
778407033,1,0,1,1,1,0,1
710779083,1,0,0,1,1,0,1
714199983,1,0,1,1,1,0,1
716924958,1,0,0,1,1,0,1
717994608,1,0,1,1,0,0,1
716881683,1,0,0,1,0,0,1
713579733,1,0,1,1,0,0,1
710780883,1,0,1,1,1,0,1
778282758,1,0,1,1,1,0,1
780198258,1,0,1,1,0,0,1
715309083,1,0,1,1,0,0,1
779504058,1,0,0,1,0,0,1
712876233,1,0,1,1,1,0,1
712089108,1,0,1,1,1,0,1
710251608,1,0,0,1,1,0,1
718851783,1,0,1,1,0,0,1
805313808,1,0,1,1,1,0,1
804428958,1,0,1,1,1,0,1
708453408,1,0,0,1,1,0,1
779885358,1,0,1,1,1,0,1
720795858,1,0,0,1,1,0,1
807165033,1,0,0,1,1,0,1
753534633,1,0,0,1,0,0,1
709584483,1,0,1,1,1,0,1
714985458,1,0,1,1,0,0,1
779210283,1,0,1,1,1,0,1
757634583,1,0,0,1,0,0,1
710904708,1,0,0,1,0,0,0
809296308,1,0,0,1,1,0,1
807369708,1,0,1,1,1,0,1
719313633,1,0,1,1,0,0,1
715566408,1,0,1,1,1,0,1
714818058,1,0,1,1,1,0,1
711840408,1,0,0,1,0,0,1
712253058,1,0,1,1,1,0,1
798917883,1,0,1,1,1,0,1
709361058,1,0,1,1,1,0,1
772390908,1,0,1,1,0,0,0
710814633,1,0,0,1,1,0,0
784998108,1,0,1,1,0,0,1
815520333,1,0,1,1,0,0,0
778855383,1,0,1,1,1,0,1
708949908,1,0,1,1,0,0,1
708252108,1,0,1,1,1,0,1
708699108,1,0,1,1,1,0,1
771756333,1,0,0,1,1,0,1
715958583,1,0,1,1,1,0,1
710103558,1,0,1,1,1,0,1
715303608,1,0,1,1,1,0,1
789186858,1,0,1,1,1,0,0
713455233,1,0,1,1,0,0,1
713348433,1,0,1,1,1,0,1
771335358,1,0,1,1,1,0,1
709550958,1,0,1,1,1,0,1
778801608,1,0,1,1,1,0,0
788019483,1,0,1,1,1,0,0
708572658,1,0,1,1,1,0,0
772073508,1,0,1,1,1,0,1
716567433,1,0,0,1,0,0,1
714118383,1,0,1,1,1,0,1
719806233,1,0,1,1,1,0,1
708555633,1,0,0,1,1,0,0
788931558,1,0,1,1,0,0,1
812794983,1,0,0,1,0,0,1
719860308,1,0,0,1,0,0,1
788122533,1,0,1,1,1,0,1
743800833,1,0,1,1,0,0,1
719075883,1,0,0,1,1,0,1
709025583,1,0,1,1,0,0,1
717580458,1,0,1,1,1,0,1
794740458,1,0,1,1,1,0,0
713687508,1,0,1,1,1,0,1
780602733,1,0,1,1,0,0,1
804403908,1,0,1,1,0,0,1
720728133,1,0,0,1,0,0,1
789833583,1,0,1,1,1,0,1
716201133,1,0,1,1,1,0,1
717131283,1,0,1,1,1,0,1
820906233,1,0,1,1,1,0,1
789487308,1,0,1,1,1,0,1
773442258,1,0,1,1,0,0,1
816261858,1,0,0,1,0,0,0
754872333,1,0,1,1,1,0,1
788820933,1,0,1,1,0,0,1
717141858,1,0,0,1,1,0,1
825838908,1,0,1,1,1,0,0
715688958,1,0,1,1,1,0,1
710883483,1,0,1,1,0,0,1
788980983,1,0,1,1,1,0,0
713824983,1,0,1,1,1,0,0
716944983,1,0,1,1,1,0,1
779219208,1,0,1,1,1,0,1
718186233,1,0,0,1,1,0,1
712837233,1,0,1,1,1,0,1
713368833,1,0,1,1,0,0,1
780143283,1,0,1,1,1,0,1
825811158,1,0,0,1,1,0,1
717725433,1,0,1,1,1,0,0
797643708,1,0,1,1,0,0,1
720264783,1,0,0,1,0,0,1
719740008,1,0,0,1,1,0,1
708478233,1,0,0,1,1,0,1
717831783,1,0,1,1,1,0,1
709426608,1,0,1,1,1,0,1
771666783,1,0,1,1,1,0,1
715705683,1,0,1,1,0,0,1
711251133,1,0,1,1,1,0,1
714264408,1,0,0,1,0,0,1
711108408,1,0,1,1,1,0,0
714869958,1,0,1,1,0,0,1
721530633,1,0,1,1,1,0,0
714877233,1,0,0,1,0,0,0
718466883,1,0,1,1,0,0,1
773466258,1,0,1,1,1,0,1
713440833,1,0,1,1,1,0,1
709608708,1,0,1,1,1,0,1
714511758,1,0,1,1,1,0,1
709814883,1,0,1,1,1,0,0
822084333,1,0,0,1,1,0,0
713511108,1,0,0,1,1,0,1
720917808,1,0,1,1,0,0,1
718320933,1,0,1,1,1,0,0
715778358,1,0,1,1,1,0,1
713315433,1,0,1,1,1,0,0
709839858,1,0,0,1,1,0,0
709265208,1,0,0,1,1,0,1
755247108,1,0,1,1,1,0,1
713685033,1,0,1,1,1,0,1
740852733,1,0,0,1,1,0,1
716506083,1,0,1,1,1,0,1
779557533,1,0,0,1,1,0,1
715372083,1,0,1,1,0,0,1
816890883,1,0,0,1,0,0,1
778264008,1,0,0,1,0,0,1
708848208,1,0,1,1,1,0,1
720700008,1,0,1,1,0,0,1
714577233,1,0,1,1,1,0,0
779236083,1,0,0,1,1,0,1
812411058,1,0,0,1,1,0,1
782548758,1,0,1,1,1,0,1
716028108,1,0,0,1,1,0,1
714412308,1,0,1,1,0,0,1
717748608,1,0,0,1,1,0,1
756727233,1,0,1,1,0,0,1
710679933,1,0,0,1,1,0,0
709381383,1,0,0,1,1,0,0
820587258,1,0,1,1,0,0,0
717489033,1,0,1,1,1,0,1
710763783,1,0,1,1,0,0,1
741344808,1,0,0,1,1,0,1
708618933,1,0,1,1,1,0,1
719372583,1,0,0,1,1,0,1
771653583,1,0,1,1,1,0,1
708100533,1,0,1,1,1,0,1
789319458,1,0,0,1,1,0,1
788805858,1,0,1,1,1,0,1
711388458,1,0,1,1,1,0,0
806170158,1,0,1,1,1,0,1
716372358,1,0,1,1,1,0,0
718531983,1,0,0,1,1,0,0
720119808,1,0,1,1,1,0,1
716804283,1,0,1,1,1,0,1
709920258,1,0,0,1,0,0,1
720593583,1,0,1,1,1,0,1
710017758,1,0,1,1,1,0,1
718866633,1,0,1,1,0,0,0
720243933,1,0,0,1,0,0,1
712447758,1,0,1,1,1,0,1
712369308,1,0,1,1,0,0,1
718457058,1,0,1,1,1,0,1
717658758,1,0,1,1,1,0,0
712545183,1,0,1,1,1,0,0
757527033,1,0,0,1,1,0,0
820075983,1,0,1,1,1,0,1
708298233,1,0,0,1,1,0,1
711492258,1,0,1,1,1,0,1
715222533,1,0,1,1,0,0,1
789627258,1,0,0,1,1,0,1
718384233,1,0,1,1,1,0,1
752604633,1,0,0,1,1,0,0
710538183,1,0,1,1,1,0,1
712805658,1,0,0,1,1,0,1
708082083,1,0,1,1,1,0,0
712866933,1,0,1,1,1,0,1
804337233,1,0,1,1,1,0,1
718428033,1,0,1,1,1,0,1
719913783,1,0,0,1,1,0,0
716335983,1,0,1,1,1,0,1
708494583,1,0,1,1,1,0,1
778493808,1,0,1,1,1,0,1
709164408,1,0,1,1,0,0,1
815851233,1,0,1,1,1,0,1
768928833,1,0,1,1,0,0,1
721074183,1,0,0,1,0,0,0
716272158,1,0,1,1,1,0,1
711419133,1,0,1,1,0,0,1
778968408,1,0,1,1,1,0,1
718596858,1,0,1,1,1,0,1
718746933,1,0,1,1,0,0,1
716451183,1,0,1,1,0,0,1
823566408,1,0,1,1,1,0,0
713827383,1,0,1,1,1,0,1
713497983,1,0,1,1,0,0,1
718843608,1,0,0,1,1,0,1
817293258,1,0,1,1,1,0,1
816615633,1,0,1,1,1,0,1
718192608,1,0,1,1,1,0,0
710802258,1,0,0,1,0,0,1
708938508,1,0,1,1,0,0,1
716258358,1,0,1,1,1,0,1
768256908,1,0,1,1,1,0,1
709955958,1,0,1,1,1,0,1
718622658,1,0,0,1,1,0,1
719516208,1,0,1,1,1,0,1
790221633,1,0,0,1,1,0,1
708323208,1,0,0,1,1,0,1
714166833,1,0,1,1,1,0,1
711142308,1,0,0,1,1,0,1
789417708,1,0,1,1,0,0,1
826723308,1,0,0,1,1,0,1
714045783,1,0,0,1,0,0,1
756013833,1,0,0,1,1,0,1
713263758,1,0,1,1,1,0,1
717390408,1,0,0,1,1,0,1
717846108,1,0,1,1,1,0,1
780598383,1,0,1,1,0,0,1
717518733,1,0,0,1,0,0,1
758824608,1,0,1,1,1,0,1
789893808,1,0,1,1,1,0,1
825767658,1,0,1,1,0,0,1
789420933,1,0,0,1,1,0,1
821752908,1,0,0,1,1,0,0
710825658,1,0,1,1,1,0,1
769145733,1,0,1,1,1,0,0
715030308,1,0,0,1,0,0,1
710785383,1,0,1,1,1,0,1
827970933,1,0,0,1,0,0,1
718909158,1,0,1,1,1,0,1
814590483,1,0,1,1,1,0,0
770135358,1,0,1,1,0,0,1
789097833,1,0,0,1,1,0,0
720067083,1,0,0,1,1,0,1
709307808,1,0,1,1,1,0,1
718863258,1,0,0,1,1,0,1
709615458,1,0,0,1,1,0,0
718946358,1,0,1,1,0,0,1
779198133,1,0,1,1,1,0,1
716856408,1,0,1,1,1,0,1
720786033,1,0,1,1,1,0,1
819351258,1,0,1,1,0,0,0
720642633,1,0,0,1,1,0,1
713004933,1,0,1,1,1,0,1
715901508,1,0,1,1,1,0,1
718756533,1,0,0,1,1,0,0
783381933,1,0,1,1,1,0,1
715371108,1,0,0,1,1,0,1
721059033,1,0,1,1,0,0,1
709528308,1,0,0,1,1,0,1
716609433,1,0,1,1,0,0,1
715855083,1,0,1,1,1,0,1
719036883,1,0,1,1,1,0,1
719912808,1,0,1,1,1,0,1
714144258,1,0,1,1,1,0,1
714971583,1,0,1,1,0,0,1
713747733,1,0,0,1,1,0,1
715599633,1,0,1,1,1,0,1
708234558,1,0,1,1,1,0,1
714585033,1,0,1,1,1,0,0
778720533,1,0,1,1,1,0,1
818459733,1,0,1,1,0,0,1
772323033,1,0,1,1,0,0,1
719964933,1,0,1,1,0,0,1
801728658,1,0,1,1,0,0,1
710032608,1,0,1,1,0,0,1
721124658,1,0,1,1,1,0,1
794831733,1,0,0,1,1,0,1
804434058,1,0,0,1,1,0,0
803319633,1,0,1,1,1,0,1
719237058,1,0,1,1,1,0,0
780025908,1,0,1,1,1,0,1
789150633,1,0,0,1,1,0,1
716630508,1,0,1,1,1,0,1
719898108,1,0,1,1,1,0,1
719377383,1,0,1,1,0,0,1
709567758,1,0,0,1,1,0,1
716439258,1,0,1,1,1,0,0
770146008,1,0,1,1,1,0,1
770817783,1,0,0,1,1,0,1
718919433,1,0,0,1,1,0,0
718670808,1,0,0,1,1,0,1
717683583,1,0,1,1,1,0,1
719583558,1,0,0,1,1,0,1
768638208,1,0,1,1,1,0,1
709289358,1,0,0,1,1,0,1
709019283,1,0,0,1,1,0,0
721399833,1,0,0,1,1,0,1
717338733,1,0,0,1,1,0,1
785311158,1,0,0,1,1,0,1
794571108,1,0,1,1,1,0,1
713630733,1,0,1,1,1,0,1
779082633,1,0,0,1,1,0,0
819752133,1,0,1,1,0,0,1
720893958,1,0,1,1,0,0,1
717534108,1,0,1,1,1,0,1
714912408,1,0,1,1,1,0,1
710387583,1,0,1,1,0,0,1
721344858,1,0,1,1,1,0,0
711455133,1,0,1,1,1,0,1
787348608,1,0,0,1,1,0,1
719882583,1,0,1,1,1,0,1
712084383,1,0,1,1,1,0,1
820060758,1,0,0,1,0,0,1
709413933,1,0,1,1,0,0,0
718109808,1,0,1,1,1,0,1
779324358,1,0,1,1,0,0,1
711825558,1,0,0,1,0,0,1
715655283,1,0,1,1,1,0,1
712899333,1,0,1,1,1,0,1
717757608,1,0,1,1,1,0,0
719961183,1,0,0,1,1,0,1
816263808,1,0,1,1,1,0,1
720949083,1,0,0,1,1,0,1
715937133,1,0,1,1,1,0,1
793842558,1,0,0,1,1,0,0
758617233,1,0,1,1,1,0,0
721265883,1,0,1,1,0,0,1
721083258,1,0,1,1,1,0,1
712285908,1,0,1,1,1,0,0
719739108,1,0,1,1,0,0,1
720175008,1,0,0,1,1,0,1
789298833,1,0,1,1,1,0,0
717678408,1,0,1,1,1,0,1
772063308,1,0,1,1,0,0,1
712495233,1,0,1,1,0,0,1
715182108,1,0,1,1,1,0,1
719099583,1,0,0,1,1,0,1
780633483,1,0,1,1,1,0,1
719767683,1,0,1,1,1,0,1
720927183,1,0,1,1,1,0,0
709928358,1,0,0,1,1,0,1
814312308,1,0,1,1,1,0,1
716831508,1,0,1,1,1,0,1
715682208,1,0,1,1,0,0,1
771460158,1,0,0,1,0,0,1
778699908,1,0,1,1,0,0,1
719662458,1,0,1,1,1,0,1
721233033,1,0,0,1,1,0,1
710816358,1,0,1,1,1,0,1
714429258,1,0,1,1,1,0,1
716247708,1,0,0,1,1,0,0
720476733,1,0,1,1,1,0,1
767256933,1,0,1,1,1,0,1
788824083,1,0,1,1,0,0,1
713569158,1,0,0,1,1,0,1
712795833,1,0,0,1,0,0,1
714825408,1,0,1,1,1,0,1
818235408,1,0,0,1,1,0,0
712052058,1,0,1,1,1,0,1
717443658,1,0,1,1,0,0,1
712674183,1,0,1,1,1,0,1
715573758,1,0,1,1,1,0,0
713037333,1,0,1,1,1,0,1
709382958,1,0,1,1,1,0,1
713265858,1,0,1,1,1,0,0
719091333,1,0,1,1,1,0,1
780201633,1,0,1,1,1,0,1
772216833,1,0,0,1,1,0,1
772286658,1,0,1,1,0,0,1
780000258,1,0,0,1,1,0,1
712299858,1,0,1,1,0,0,1
712822758,1,0,1,1,1,0,1
789363408,1,0,1,1,1,0,1
716995083,1,0,1,1,1,0,1
796174983,1,0,1,1,0,0,0
808527183,1,0,1,1,1,0,0
779008158,1,0,0,1,0,0,1
718063083,1,0,0,1,1,0,1
714915633,1,0,1,1,1,0,1
712490283,1,0,0,1,1,0,0
721455558,1,0,0,1,0,0,0
708796458,1,0,1,1,1,0,1
716343408,1,0,1,1,1,0,1
712586583,1,0,1,1,0,0,1
711675108,1,0,0,1,1,0,1
713379258,1,0,1,1,0,0,0
710035008,1,0,0,1,0,0,1
781073733,1,0,0,1,1,0,1
712783083,1,0,0,1,0,0,1
718360083,1,0,0,1,0,0,1
709332408,1,0,1,1,1,0,0
714901383,1,0,0,1,0,0,1
788977833,1,0,0,1,1,0,1
721269108,1,0,1,1,1,0,1
717972408,1,0,1,1,1,0,1
715941633,1,0,1,1,0,0,1
711403383,1,0,1,1,1,0,0
811527933,1,0,1,1,0,0,0
796544133,1,0,1,1,1,0,1
714112383,1,0,1,1,1,0,1
716369208,1,0,1,1,1,0,0
720817533,1,0,0,1,0,0,1
720585183,1,0,0,1,1,0,1
769100508,1,0,1,1,1,0,1
778388358,1,0,1,1,1,0,1
771599283,1,0,0,1,1,0,1
712846458,1,0,1,1,1,0,0
708963258,1,0,0,1,1,0,1
824157858,1,0,0,1,1,0,1
797753283,1,0,1,1,1,0,1
715649358,1,0,1,1,1,0,1
708805908,1,0,0,1,1,0,1
715060158,1,0,1,1,0,0,1
717545808,1,0,1,1,1,0,1
801048483,1,0,0,1,0,0,1
714145233,1,0,1,1,1,0,1
713610033,1,0,1,1,0,0,1
713276733,1,0,0,1,1,0,1
714964758,1,0,1,1,0,0,1
708588408,1,0,1,1,0,0,1
711274458,1,0,1,1,0,0,1
771852483,1,0,0,1,1,0,1
788808633,1,0,1,1,1,0,1
813261408,1,0,1,1,0,0,1
715298808,1,0,1,1,1,0,1
711346383,1,0,1,1,0,0,1
712607583,1,0,1,1,0,0,1
712176708,1,0,1,1,0,0,1
715659333,1,0,1,1,0,0,1
718038483,1,0,0,1,0,0,1
771422883,1,0,1,1,1,0,0
717376758,1,0,1,1,0,0,1
715829358,1,0,1,1,1,0,1
717260058,1,0,0,1,0,0,1
717631008,1,0,1,1,1,0,1
720989133,1,0,1,1,1,0,1
772155108,1,0,1,1,1,0,1
710829108,1,0,1,1,0,0,1
715361433,1,0,1,1,1,0,1
797241108,1,0,1,1,1,0,1
718829358,1,0,1,1,0,0,1
720463833,1,0,1,1,1,0,1
711881733,1,0,0,1,1,0,1
714532158,1,0,1,1,1,0,1
813469458,1,0,1,1,0,0,1
715023333,1,0,0,1,1,0,1
709950858,1,0,0,1,0,0,1
711406758,1,0,1,1,1,0,1
713526258,1,0,1,1,1,0,1
720250158,1,0,0,1,1,0,1
712195383,1,0,1,1,0,0,0
821351958,1,0,1,1,1,0,1
719805183,1,0,0,1,1,0,0
710710233,1,0,1,1,1,0,0
712582983,1,0,0,1,1,0,1
709094358,1,0,1,1,0,0,1
710687508,1,0,1,1,1,0,1
715376508,1,0,1,1,1,0,0
821815458,1,0,0,1,0,0,1
811534983,1,0,1,1,1,0,1
708243483,1,0,0,1,1,0,1
721012983,1,0,0,1,1,0,1
710841183,1,0,1,1,1,0,0
709683633,1,0,1,1,0,0,1
778176108,1,0,1,1,1,0,1
779502333,1,0,1,1,1,0,1
788641758,1,0,1,1,1,0,1
768675483,1,0,1,1,1,0,1
709674333,1,0,1,1,0,0,1
718486608,1,0,1,1,1,0,0
828291858,1,0,1,1,1,0,1
756383283,1,0,1,1,0,0,1
779320008,1,0,1,1,0,0,1
761544333,1,0,0,1,1,0,0
779725833,1,0,1,1,1,0,1
716004258,1,0,0,1,1,0,0
818294958,1,0,1,1,1,0,1
712974558,1,0,1,1,1,0,1
720930633,1,0,0,1,1,0,0
818502708,1,0,1,1,1,0,1
794172033,1,0,0,1,1,0,1
720253908,1,0,1,1,1,0,1
708859158,1,0,1,1,1,0,1
712322058,1,0,0,1,1,0,1
771626283,1,0,1,1,0,0,0
720909408,1,0,1,1,1,0,1
716581983,1,0,1,1,1,0,1
788705358,1,0,0,1,1,0,1
711799458,1,0,1,1,1,0,1
714306258,1,0,1,1,0,0,1
719940483,1,0,0,1,1,0,1
712132383,1,0,0,1,1,0,1
719320833,1,0,1,1,1,0,1
711302883,1,0,1,1,0,0,1
721238508,1,0,1,1,0,0,1
796903083,1,0,1,1,1,0,1
714308283,1,0,1,1,1,0,1
716136333,1,0,0,1,1,0,1
721189008,1,0,0,1,1,0,1
710525508,1,0,1,1,0,0,1
713137233,1,0,0,1,1,0,1
780620883,1,0,1,1,1,0,0
798035358,1,0,0,1,1,0,1
709759908,1,0,1,1,1,0,1
719606133,1,0,0,1,1,0,1
780019908,1,0,1,1,1,0,1
806179683,1,0,0,1,1,0,1
814611633,1,0,1,1,1,0,1
768965208,1,0,1,1,1,0,1
794581533,1,0,0,1,1,0,1
712693908,1,0,1,1,0,0,0
708768258,1,0,1,1,1,0,1
721249158,1,0,0,1,0,0,1
713233908,1,0,1,1,1,0,0
713328108,1,0,0,1,0,0,1
715749108,1,0,1,1,1,0,1
712636308,1,0,1,1,1,0,1
773146383,1,0,1,1,1,0,1
715803933,1,0,1,1,1,0,1
709376508,1,0,1,1,1,0,1
715754133,1,0,1,1,0,0,0
708511983,1,0,1,1,1,0,1
720621408,1,0,1,1,1,0,0
788620083,1,0,1,1,1,0,1
715690908,1,0,0,1,1,0,1
714957108,1,0,0,1,1,0,1
714400308,1,0,0,1,0,0,1
713962233,1,0,1,1,1,0,0
717502083,1,0,1,1,1,0,1
717490008,1,0,1,1,1,0,1
716723658,1,0,1,1,0,0,0
717482658,1,0,1,1,1,0,0
720234708,1,0,1,1,1,0,1
714940608,1,0,0,1,0,0,1
715640358,1,0,1,1,1,0,1
708426483,1,0,0,1,1,0,0
779645658,1,0,0,1,1,0,1
819628158,1,0,1,1,1,0,0
716454858,1,0,1,1,0,0,0
715746633,1,0,0,1,0,0,1
772658658,1,0,0,1,1,0,1
714276408,1,0,0,1,1,0,1
720852108,1,0,1,1,0,0,0
780653208,1,0,0,1,1,0,0
787568433,1,0,1,1,1,0,1
708338958,1,0,1,1,1,0,1
771092433,1,0,1,1,1,0,1
716613933,1,0,1,1,1,0,0
709959858,1,0,1,1,1,0,1
712807758,1,0,1,1,1,0,1
789351783,1,0,1,1,1,0,1
715670058,1,0,1,1,0,0,1
718023708,1,0,1,1,0,0,0
770708133,1,0,1,1,1,0,1
709679658,1,0,1,1,0,0,1
803655333,1,0,1,1,1,0,0
712049208,1,0,0,1,0,0,1
813755658,1,0,1,1,0,0,1
716075208,1,0,1,1,1,0,1
789373683,1,0,0,1,0,0,1
719459358,1,0,1,1,1,0,1
720770883,1,0,1,1,1,0,1
714534108,1,0,1,1,0,0,1
708375858,1,0,1,1,1,0,0
781183233,1,0,0,1,1,0,1
810974958,1,0,0,1,0,0,1
717908208,1,0,0,1,1,0,1
715000383,1,0,0,1,1,0,1
788370258,1,0,0,1,0,0,1
769189083,1,0,0,1,1,0,1
779046408,1,0,1,1,1,0,1
712129158,1,0,1,1,1,0,0
721425558,1,0,1,1,1,0,1
716864733,1,0,1,1,0,0,1
720044658,1,0,0,1,1,0,1
721424583,1,0,1,1,1,0,1
719737833,1,0,1,1,0,0,1
713000058,1,0,1,1,1,0,1
720818658,1,0,0,1,0,0,1
717714633,1,0,1,1,0,0,0
718730283,1,0,1,1,1,0,1
811912608,1,0,1,1,0,0,1
717906783,1,0,0,1,1,0,1
779863533,1,0,1,1,1,0,1
708829758,1,0,1,1,1,0,1
712580958,1,0,0,1,0,0,1
804359133,1,0,1,1,0,0,1
714835833,1,0,0,1,1,0,1
771507258,1,0,1,1,1,0,0
715132758,1,0,1,1,1,0,0
813200058,1,0,0,1,1,0,1
711684408,1,0,1,1,1,0,1
717769008,1,0,1,1,1,0,1
807349158,1,0,0,1,1,0,1
715050408,1,0,1,1,0,0,1
711176133,1,0,1,1,0,0,1
713336883,1,0,0,1,1,0,1
767712558,1,0,0,1,1,0,1
715971108,1,0,0,1,1,0,1
710771433,1,0,1,1,1,0,0
709612983,1,0,0,1,1,0,1
709042908,1,0,0,1,0,0,1
780567408,1,0,0,1,1,0,1
756458508,1,0,1,1,1,0,1
713682708,1,0,1,1,1,0,1
717278808,1,0,1,1,1,0,1
709013208,1,0,1,1,1,0,0
794462133,1,0,1,1,1,0,1
773457558,1,0,1,1,1,0,1
719233833,1,0,0,1,1,0,1
709578258,1,0,0,1,1,0,0
715960308,1,0,1,1,1,0,1
719328858,1,0,1,1,0,0,1
714907908,1,0,1,1,0,0,1
772565883,1,0,0,1,1,0,0
718005108,1,0,0,1,1,0,1
708508758,1,0,1,1,1,0,1
807587433,1,0,0,1,0,0,0
717231558,1,0,1,1,1,0,1
737933883,1,0,1,1,0,0,1
779611008,1,0,1,1,1,0,1
828285858,1,0,1,1,1,0,1
711070683,1,0,1,1,1,0,0
718338708,1,0,0,1,0,0,1
788920308,1,0,1,1,1,0,1
717853233,1,0,1,1,1,0,1
719176308,1,0,0,1,0,0,1
713418558,1,0,1,1,1,0,1
768728508,1,0,1,1,1,0,0
719625933,1,0,1,1,0,0,0
720228708,1,0,0,1,1,0,1
709611183,1,0,1,1,1,0,1
720169383,1,0,1,1,1,0,1
718193958,1,0,1,1,1,0,1
709836258,1,0,1,1,0,0,1
710815608,1,0,0,1,0,0,1
826473858,1,0,1,1,1,0,1
716313858,1,0,1,1,1,0,0
712221408,1,0,1,1,1,0,1
790131033,1,0,1,1,1,0,0
787547208,1,0,1,1,1,0,1
721460283,1,0,1,1,0,0,1
713610933,1,0,1,1,1,0,1
710990283,1,0,1,1,1,0,1
709497108,1,0,0,1,1,0,0
720734583,1,0,0,1,1,0,1
716063583,1,0,1,1,1,0,1
711743883,1,0,1,1,0,0,1
789942033,1,0,1,1,1,0,1
708880683,1,0,1,1,1,0,0
708542283,1,0,1,1,1,0,1
712235433,1,0,1,1,1,0,1
710542983,1,0,1,1,1,0,0
820868508,1,0,0,1,0,0,0
710574558,1,0,1,1,1,0,1
715603233,1,0,0,1,1,0,1
716171358,1,0,1,1,1,0,1
789631908,1,0,1,1,1,0,1
788638908,1,0,1,1,1,0,1
717192933,1,0,1,1,1,0,1
715123983,1,0,1,1,0,0,1
715737258,1,0,1,1,1,0,1
710382108,1,0,1,1,1,0,1
817236708,1,0,0,1,1,0,1
714312708,1,0,0,1,1,0,1
806634783,1,0,1,1,0,0,1
708983658,1,0,0,1,1,0,1
779914383,1,0,0,1,0,0,0
712446783,1,0,1,1,0,0,1
803952408,1,0,1,1,1,0,1
715575258,1,0,1,1,1,0,0
717559533,1,0,1,1,1,0,0
712367658,1,0,1,1,0,0,0
721316358,1,0,0,1,1,0,1
711559008,1,0,1,1,0,0,0
717109983,1,0,1,1,0,0,1
710166783,1,0,0,1,1,0,1
711637458,1,0,0,1,1,0,1
718961208,1,0,0,1,1,0,1
772127508,1,0,1,1,1,0,1
778880358,1,0,0,1,0,0,1
709279608,1,0,1,1,0,0,1
720995583,1,0,1,1,0,0,0
719709558,1,0,1,1,1,0,1
714638883,1,0,0,1,1,0,0
778425408,1,0,1,1,1,0,1
708290208,1,0,0,1,0,0,1
827100333,1,0,1,1,0,0,0
817977933,1,0,1,1,1,0,0
709474683,1,0,1,1,1,0,0
715028283,1,0,0,1,1,0,1
717159858,1,0,0,1,1,0,1
714031983,1,0,0,1,0,0,1
804310758,1,0,1,1,0,0,1
709919283,1,0,0,1,0,0,0
717069033,1,0,1,1,1,0,1
709389558,1,0,1,1,0,0,1
713542908,1,0,1,1,1,0,0
781337658,1,0,1,1,0,0,1
719654283,1,0,1,1,1,0,1
714070758,1,0,0,1,1,0,1
719074308,1,0,1,1,1,0,1
719239158,1,0,1,1,1,0,1
789415983,1,0,1,1,1,0,1
712999008,1,0,1,1,1,0,1
721527858,1,0,1,1,0,0,0
714887808,1,0,0,1,1,0,1
801989733,1,0,1,1,1,0,1
716685033,1,0,1,1,1,0,1
771196083,1,0,1,1,1,0,1
709930758,1,0,1,1,1,0,1
710451708,1,0,1,1,0,0,0
711441333,1,0,1,1,1,0,1
806244183,1,0,0,1,0,0,1
715398858,1,0,1,1,1,0,1
789863208,1,0,1,1,1,0,1
716819958,1,0,1,1,0,0,1
719699208,1,0,0,1,1,0,1
718242333,1,0,1,1,1,0,1
778810083,1,0,1,1,1,0,1
712440483,1,0,0,1,0,0,1
708564858,1,0,1,1,1,0,1
708113208,1,0,1,1,1,0,1
779754408,1,0,0,1,1,0,1
712198983,1,0,1,1,1,0,1
803418783,1,0,1,1,1,0,0
719914908,1,0,1,1,1,0,1
713590158,1,0,1,1,0,0,1
715993608,1,0,1,1,1,0,1
771674958,1,0,1,1,1,0,0
721495458,1,0,1,1,1,0,0
789144633,1,0,1,1,1,0,1
713886333,1,0,1,1,1,0,1
716362008,1,0,0,1,0,0,1
789535233,1,0,0,1,1,0,0
716615583,1,0,0,1,1,0,1
820271208,1,0,1,1,1,0,0
779647608,1,0,1,1,1,0,0
709641933,1,0,0,1,0,0,1
770781558,1,0,0,1,1,0,1
720541758,1,0,0,1,1,0,1
712154883,1,0,0,1,1,0,1
779612808,1,0,0,1,0,0,1
767802483,1,0,0,1,0,0,1
798158808,1,0,1,1,1,0,1
721207908,1,0,0,1,1,0,0
715120608,1,0,0,1,1,0,1
715532208,1,0,1,1,0,0,1
721294533,1,0,1,1,1,0,0
805522758,1,0,0,1,0,0,1
806652483,1,0,1,1,1,0,0
818839983,1,0,0,1,0,0,1
756598833,1,0,0,1,1,0,1
827114058,1,0,1,1,1,0,1
789022233,1,0,1,1,1,0,0
719358333,1,0,1,1,0,0,1
718828083,1,0,0,1,1,0,1
780277458,1,0,0,1,0,0,1
788630958,1,0,0,1,1,0,1
717380133,1,0,1,1,1,0,1
719953383,1,0,1,1,1,0,1
714928158,1,0,1,1,1,0,0
709986633,1,0,1,1,0,0,1
814497483,1,0,0,1,1,0,1
717622308,1,0,1,1,1,0,1
717708783,1,0,0,1,1,0,1
721167783,1,0,0,1,1,0,1
709785783,1,0,1,1,0,0,1
712687083,1,0,1,1,1,0,1
718578708,1,0,1,1,0,0,0
